0	0	2011-05-17.09:00:02	20	628	1
0	0	2011-05-17.09:00:06	18	624	1
0	0	2011-05-17.09:00:10	17	622	1
0	0	2011-05-17.09:00:14	17	622	1
0	0	2011-05-17.09:00:18	16	622	1
0	0	2011-05-17.09:00:23	14	622	1
0	0	2011-05-17.09:00:27	13	622	1
0	0	2011-05-17.09:00:31	20	622	1
0	0	2011-05-17.09:00:35	20	622	1
0	0	2011-05-17.09:00:39	18	622	1
0	0	2011-05-17.09:00:43	17	622	1
0	0	2011-05-17.09:00:47	16	620	1
0	0	2011-05-17.09:00:51	14	621	1
0	0	2011-05-17.09:00:55	13	620	1
0	0	2011-05-17.09:00:59	13	620	1
0	0	2011-05-17.09:01:03	12	628	1
0	0	2011-05-17.09:01:07	11	622	1
0	0	2011-05-17.09:01:11	10	622	1
0	0	2011-05-17.09:01:15	9	622	1
0	0	2011-05-17.09:01:20	9	622	1
0	0	2011-05-17.09:01:24	9	622	1
0	0	2011-05-17.09:01:28	8	622	1
0	0	2011-05-17.09:01:32	7	622	1
0	0	2011-05-17.09:01:36	7	622	1
0	0	2011-05-17.09:01:40	6	622	1
0	0	2011-05-17.09:01:44	6	622	1
0	0	2011-05-17.09:01:48	6	620	1
0	0	2011-05-17.09:01:52	5	620	1
0	0	2011-05-17.09:01:56	5	620	1
0	0	2011-05-17.09:02:00	4	620	1
0	0	2011-05-17.09:02:04	4	624	1
0	0	2011-05-17.09:02:08	4	622	1
0	0	2011-05-17.09:02:12	4	622	1
0	0	2011-05-17.09:02:17	3	622	1
0	0	2011-05-17.09:02:21	3	622	1
0	0	2011-05-17.09:02:25	3	622	1
0	0	2011-05-17.09:02:29	3	622	1
0	0	2011-05-17.09:02:33	2	622	1
0	0	2011-05-17.09:02:37	2	622	1
0	0	2011-05-17.09:02:41	2	622	1
0	0	2011-05-17.09:02:45	2	622	1
0	0	2011-05-17.09:02:49	2	620	1
0	0	2011-05-17.09:02:53	2	620	1
0	0	2011-05-17.09:02:57	2	620	1
0	0	2011-05-17.09:03:01	1	620	1
0	0	2011-05-17.09:03:05	33	626	1
0	0	2011-05-17.09:03:09	33	622	1
0	0	2011-05-17.09:03:14	31	622	1
0	0	2011-05-17.09:03:18	28	622	1
0	0	2011-05-17.09:03:22	26	622	1
0	0	2011-05-17.09:03:26	24	622	1
0	0	2011-05-17.09:03:30	24	622	1
0	0	2011-05-17.09:03:34	22	622	1
0	0	2011-05-17.09:03:38	20	622	1
0	0	2011-05-17.09:03:42	18	622	1
0	0	2011-05-17.09:03:46	17	620	1
0	0	2011-05-17.09:03:50	16	620	1
0	0	2011-05-17.09:03:54	16	620	1
0	0	2011-05-17.09:03:58	14	620	1
0	0	2011-05-17.09:04:02	21	628	1
0	0	2011-05-17.09:04:06	19	626	1
0	0	2011-05-17.09:04:11	18	622	1
0	0	2011-05-17.09:04:15	18	622	1
0	0	2011-05-17.09:04:19	16	622	1
0	0	2011-05-17.09:04:23	15	622	1
0	0	2011-05-17.09:04:27	14	622	1
0	0	2011-05-17.09:04:31	13	622	1
0	0	2011-05-17.09:04:35	28	622	1
0	0	2011-05-17.09:04:39	28	622	1
0	0	2011-05-17.09:04:43	25	622	1
0	0	2011-05-17.09:04:47	23	621	1
0	0	2011-05-17.09:04:51	21	621	1
0	0	2011-05-17.09:04:55	20	621	1
0	0	2011-05-17.09:04:59	20	621	1
0	0	2011-05-17.09:05:04	18	625	1
0	0	2011-05-17.09:05:08	17	623	1
0	0	2011-05-17.09:05:12	23	624	1
0	0	2011-05-17.09:05:16	21	623	1
0	0	2011-05-17.09:05:20	21	623	1
0	0	2011-05-17.09:05:24	20	623	1
0	0	2011-05-17.09:05:28	18	623	1
0	0	2011-05-17.09:05:32	17	623	1
0	0	2011-05-17.09:05:36	15	623	1
0	0	2011-05-17.09:05:40	14	623	1
0	0	2011-05-17.09:05:44	14	623	1
0	0	2011-05-17.09:05:48	13	621	1
0	0	2011-05-17.09:05:52	12	621	1
0	0	2011-05-17.09:05:56	11	621	1
0	0	2011-05-17.09:06:01	10	621	1
0	0	2011-05-17.09:06:05	10	627	1
0	0	2011-05-17.09:06:09	9	623	1
0	0	2011-05-17.09:06:13	8	623	1
0	0	2011-05-17.09:06:17	8	623	1
0	0	2011-05-17.09:06:21	23	623	1
0	0	2011-05-17.09:06:25	29	623	1
0	0	2011-05-17.09:06:29	29	623	1
0	0	2011-05-17.09:06:33	27	623	1
0	0	2011-05-17.09:06:37	25	623	1
0	0	2011-05-17.09:06:41	23	623	1
0	0	2011-05-17.09:06:45	21	621	1
0	0	2011-05-17.09:06:49	21	621	1
0	0	2011-05-17.09:06:54	19	621	1
0	0	2011-05-17.09:06:58	42	621	1
0	0	2011-05-17.09:07:02	38	629	1
0	0	2011-05-17.09:07:06	35	627	1
0	0	2011-05-17.09:07:10	35	623	1
0	0	2011-05-17.09:07:14	40	623	1
0	0	2011-05-17.09:07:18	37	623	1
0	0	2011-05-17.09:07:22	34	623	1
0	0	2011-05-17.09:07:26	39	623	1
0	0	2011-05-17.09:07:30	44	623	1
0	0	2011-05-17.09:07:34	44	623	1
0	0	2011-05-17.09:07:38	41	623	1
0	0	2011-05-17.09:07:42	37	623	1
0	0	2011-05-17.09:07:47	34	621	1
0	0	2011-05-17.09:07:51	31	621	1
0	0	2011-05-17.09:07:55	31	621	1
0	0	2011-05-17.09:07:59	29	621	1
0	0	2011-05-17.09:08:03	27	628	1
0	0	2011-05-17.09:08:07	32	623	1
0	0	2011-05-17.09:08:11	30	623	1
0	0	2011-05-17.09:08:15	27	623	1
0	0	2011-05-17.09:08:19	27	623	1
0	0	2011-05-17.09:08:23	25	623	1
0	0	2011-05-17.09:08:27	23	623	1
0	0	2011-05-17.09:08:31	21	623	1
0	0	2011-05-17.09:08:35	20	623	1
0	0	2011-05-17.09:08:39	20	623	1
0	0	2011-05-17.09:08:44	18	623	1
0	0	2011-05-17.09:08:48	16	621	1
0	0	2011-05-17.09:08:52	15	621	1
0	0	2011-05-17.09:08:56	14	621	1
0	0	2011-05-17.09:09:00	14	621	1
0	0	2011-05-17.09:09:04	21	627	1
0	0	2011-05-17.09:09:08	19	623	1
0	0	2011-05-17.09:09:12	18	623	1
0	0	2011-05-17.09:09:16	16	623	1
0	0	2011-05-17.09:09:20	15	623	1
0	0	2011-05-17.09:09:24	15	623	1
0	0	2011-05-17.09:09:28	14	623	1
0	0	2011-05-17.09:09:32	12	623	1
0	0	2011-05-17.09:09:36	19	623	1
0	0	2011-05-17.09:09:41	18	623	1
0	0	2011-05-17.09:09:45	18	623	1
0	0	2011-05-17.09:09:49	16	622	1
0	0	2011-05-17.09:09:53	15	622	1
0	0	2011-05-17.09:09:57	14	622	1
0	0	2011-05-17.09:10:01	13	621	1
0	0	2011-05-17.09:10:05	12	627	1
0	0	2011-05-17.09:10:09	12	623	1
0	0	2011-05-17.09:10:13	11	623	1
0	0	2011-05-17.09:10:17	10	623	1
0	0	2011-05-17.09:10:21	9	623	1
0	0	2011-05-17.09:10:25	8	623	1
0	0	2011-05-17.09:10:29	8	623	1
0	0	2011-05-17.09:10:34	8	623	1
0	0	2011-05-17.09:10:38	7	623	1
0	0	2011-05-17.09:10:42	6	623	1
0	0	2011-05-17.09:10:46	6	621	1
0	0	2011-05-17.09:10:50	6	621	1
0	0	2011-05-17.09:10:54	5	621	1
0	0	2011-05-17.09:10:58	5	621	1
0	0	2011-05-17.09:11:02	4	627	1
0	0	2011-05-17.09:11:06	4	625	1
0	0	2011-05-17.09:11:10	4	623	1
0	0	2011-05-17.09:11:14	4	623	1
0	0	2011-05-17.09:11:18	3	623	1
0	0	2011-05-17.09:11:23	3	623	1
0	0	2011-05-17.09:11:27	3	623	1
0	0	2011-05-17.09:11:31	3	623	1
0	0	2011-05-17.09:11:35	3	623	1
0	0	2011-05-17.09:11:39	2	623	1
0	0	2011-05-17.09:11:43	10	623	1
0	0	2011-05-17.09:11:47	9	621	1
0	0	2011-05-17.09:11:51	9	621	1
0	0	2011-05-17.09:11:55	8	621	1
0	0	2011-05-17.09:11:59	8	621	1
0	0	2011-05-17.09:12:03	15	629	1
0	0	2011-05-17.09:12:07	14	624	1
0	0	2011-05-17.09:12:11	13	623	1
0	0	2011-05-17.09:12:16	28	623	1
0	0	2011-05-17.09:12:20	28	623	1
0	0	2011-05-17.09:12:24	26	623	1
0	0	2011-05-17.09:12:28	23	623	1
0	0	2011-05-17.09:12:32	22	623	1
0	0	2011-05-17.09:12:36	36	623	1
0	0	2011-05-17.09:12:40	33	623	1
0	0	2011-05-17.09:12:44	33	623	1
0	0	2011-05-17.09:12:48	30	621	1
0	0	2011-05-17.09:12:52	28	621	1
0	0	2011-05-17.09:12:56	26	621	1
0	0	2011-05-17.09:13:00	24	621	1
0	0	2011-05-17.09:13:04	24	627	1
0	0	2011-05-17.09:13:08	22	623	1
0	0	2011-05-17.09:13:13	20	623	1
0	0	2011-05-17.09:13:17	18	623	1
0	0	2011-05-17.09:13:21	17	623	1
0	0	2011-05-17.09:13:25	17	623	1
0	0	2011-05-17.09:13:29	31	623	1
0	0	2011-05-17.09:13:33	29	622	1
0	0	2011-05-17.09:13:37	27	621	1
0	0	2011-05-17.09:13:41	24	621	1
0	0	2011-05-17.09:13:45	22	621	1
0	0	2011-05-17.09:13:49	22	620	1
0	0	2011-05-17.09:13:53	21	619	1
0	0	2011-05-17.09:13:57	19	619	1
0	0	2011-05-17.09:14:01	17	625	1
0	0	2011-05-17.09:14:05	16	623	1
0	0	2011-05-17.09:14:10	16	621	1
0	0	2011-05-17.09:14:14	15	621	1
0	0	2011-05-17.09:14:18	13	621	1
0	0	2011-05-17.09:14:22	12	621	1
0	0	2011-05-17.09:14:26	11	621	1
0	0	2011-05-17.09:14:30	10	621	1
0	0	2011-05-17.09:14:34	10	621	1
0	0	2011-05-17.09:14:38	10	621	1
0	0	2011-05-17.09:14:42	9	621	1
0	0	2011-05-17.09:14:46	8	619	1
0	0	2011-05-17.09:14:50	7	619	1
0	0	2011-05-17.09:14:54	7	619	1
0	0	2011-05-17.09:14:58	7	619	1
0	0	2011-05-17.09:15:02	6	627	1
0	0	2011-05-17.09:15:07	6	621	1
0	0	2011-05-17.09:15:11	21	621	1
0	0	2011-05-17.09:15:15	21	621	1
0	0	2011-05-17.09:15:19	19	621	1
0	0	2011-05-17.09:15:23	18	621	1
0	0	2011-05-17.09:15:27	16	621	1
0	0	2011-05-17.09:15:31	15	621	1
0	0	2011-05-17.09:15:35	14	621	1
0	0	2011-05-17.09:15:39	14	621	1
0	0	2011-05-17.09:15:43	13	621	1
0	0	2011-05-17.09:15:47	12	619	1
0	0	2011-05-17.09:15:51	11	619	1
0	0	2011-05-17.09:15:55	10	619	1
0	0	2011-05-17.09:15:59	10	619	1
0	0	2011-05-17.09:16:04	9	625	1
0	0	2011-05-17.09:16:08	8	621	1
0	0	2011-05-17.09:16:12	8	621	1
0	0	2011-05-17.09:16:16	7	621	1
0	0	2011-05-17.09:16:20	6	621	1
0	0	2011-05-17.09:16:24	6	621	1
0	0	2011-05-17.09:16:28	6	621	1
0	0	2011-05-17.09:16:32	5	621	1
0	0	2011-05-17.09:16:36	5	621	1
0	0	2011-05-17.09:16:40	4	621	1
0	0	2011-05-17.09:16:44	4	621	1
0	0	2011-05-17.09:16:48	4	620	1
0	0	2011-05-17.09:16:52	4	622	1
0	0	2011-05-17.09:16:57	3	622	1
0	0	2011-05-17.09:17:01	3	622	1
0	0	2011-05-17.09:17:05	3	626	1
0	0	2011-05-17.09:17:09	3	624	1
0	0	2011-05-17.09:17:13	11	624	1
0	0	2011-05-17.09:17:17	10	624	1
0	0	2011-05-17.09:17:21	9	624	1
0	0	2011-05-17.09:17:25	8	624	1
0	0	2011-05-17.09:17:29	8	624	1
0	0	2011-05-17.09:17:33	8	624	1
0	0	2011-05-17.09:17:37	7	624	1
0	0	2011-05-17.09:17:41	6	624	1
0	0	2011-05-17.09:17:45	14	622	1
0	0	2011-05-17.09:17:49	14	622	1
0	0	2011-05-17.09:17:54	13	622	1
0	0	2011-05-17.09:17:58	12	622	1
0	0	2011-05-17.09:18:02	11	630	1
0	0	2011-05-17.09:18:06	10	628	1
0	0	2011-05-17.09:18:10	17	624	1
0	0	2011-05-17.09:18:14	17	624	1
0	0	2011-05-17.09:18:18	16	624	1
0	0	2011-05-17.09:18:22	14	624	1
0	0	2011-05-17.09:18:26	13	624	1
0	0	2011-05-17.09:18:30	12	624	1
0	0	2011-05-17.09:18:34	12	624	1
0	0	2011-05-17.09:18:38	11	624	1
0	0	2011-05-17.09:18:42	10	624	1
0	0	2011-05-17.09:18:46	9	622	1
0	0	2011-05-17.09:18:51	9	622	1
0	0	2011-05-17.09:18:55	9	622	1
0	0	2011-05-17.09:18:59	8	622	1
0	0	2011-05-17.09:19:03	7	630	1
0	0	2011-05-17.09:19:07	7	624	1
0	0	2011-05-17.09:19:11	6	624	1
0	0	2011-05-17.09:19:15	6	624	1
0	0	2011-05-17.09:19:19	6	624	1
0	0	2011-05-17.09:19:23	5	625	1
0	0	2011-05-17.09:19:27	5	625	1
0	0	2011-05-17.09:19:31	4	625	1
0	0	2011-05-17.09:19:35	4	625	1
0	0	2011-05-17.09:19:39	4	625	1
0	0	2011-05-17.09:19:43	12	625	1
0	0	2011-05-17.09:19:48	11	623	1
0	0	2011-05-17.09:19:52	10	623	1
0	0	2011-05-17.09:19:56	9	623	1
0	0	2011-05-17.09:20:00	9	623	1
0	0	2011-05-17.09:20:04	8	627	1
0	0	2011-05-17.09:20:08	8	625	1
0	0	2011-05-17.09:20:12	7	625	1
0	0	2011-05-17.09:20:16	14	626	1
0	0	2011-05-17.09:20:20	13	625	1
0	0	2011-05-17.09:20:24	13	625	1
0	0	2011-05-17.09:20:28	12	625	1
0	0	2011-05-17.09:20:32	19	625	1
0	0	2011-05-17.09:20:36	18	625	1
0	0	2011-05-17.09:20:40	16	625	1
0	0	2011-05-17.09:20:45	16	625	1
0	0	2011-05-17.09:20:49	15	623	1
0	0	2011-05-17.09:20:53	14	623	1
0	0	2011-05-17.09:20:57	12	623	1
0	0	2011-05-17.09:21:01	11	623	1
0	0	2011-05-17.09:21:05	18	629	1
0	0	2011-05-17.09:21:09	18	625	1
0	0	2011-05-17.09:21:13	17	625	1
0	0	2011-05-17.09:21:17	16	625	1
0	0	2011-05-17.09:21:21	14	625	1
0	0	2011-05-17.09:21:25	21	625	1
0	0	2011-05-17.09:21:29	21	625	1
0	0	2011-05-17.09:21:33	35	624	1
0	0	2011-05-17.09:21:38	33	624	1
0	0	2011-05-17.09:21:42	38	624	1
0	0	2011-05-17.09:21:46	35	622	1
0	0	2011-05-17.09:21:50	35	622	1
0	0	2011-05-17.09:21:54	32	622	1
0	0	2011-05-17.09:21:58	29	622	1
0	0	2011-05-17.09:22:02	27	630	1
0	0	2011-05-17.09:22:06	25	628	1
0	0	2011-05-17.09:22:10	23	624	1
0	0	2011-05-17.09:22:14	23	624	1
0	0	2011-05-17.09:22:18	21	624	1
0	0	2011-05-17.09:22:22	19	624	1
0	0	2011-05-17.09:22:26	18	624	1
0	0	2011-05-17.09:22:30	16	624	1
0	0	2011-05-17.09:22:35	16	624	1
0	0	2011-05-17.09:22:39	15	624	1
0	0	2011-05-17.09:22:43	14	624	1
0	0	2011-05-17.09:22:47	13	622	1
0	0	2011-05-17.09:22:51	12	622	1
0	0	2011-05-17.09:22:55	11	622	1
0	0	2011-05-17.09:22:59	11	622	1
0	0	2011-05-17.09:23:03	10	626	1
0	0	2011-05-17.09:23:07	9	624	1
0	0	2011-05-17.09:23:11	8	624	1
0	0	2011-05-17.09:23:15	8	624	1
0	0	2011-05-17.09:23:19	8	624	1
0	0	2011-05-17.09:23:23	7	624	1
0	0	2011-05-17.09:23:28	6	624	1
0	0	2011-05-17.09:23:32	6	624	1
0	0	2011-05-17.09:23:36	5	624	1
0	0	2011-05-17.09:23:40	5	624	1
0	0	2011-05-17.09:23:44	5	624	1
0	0	2011-05-17.09:23:48	4	622	1
0	0	2011-05-17.09:23:52	4	622	1
0	0	2011-05-17.09:23:56	4	622	1
0	0	2011-05-17.09:24:00	3	622	1
0	0	2011-05-17.09:24:04	3	628	1
0	0	2011-05-17.09:24:08	3	624	1
0	0	2011-05-17.09:24:12	3	624	1
0	0	2011-05-17.09:24:16	3	624	1
0	0	2011-05-17.09:24:20	2	624	1
0	0	2011-05-17.09:24:25	2	624	1
0	0	2011-05-17.09:24:29	2	624	1
0	0	2011-05-17.09:24:33	2	624	1
0	0	2011-05-17.09:24:37	2	624	1
0	0	2011-05-17.09:24:41	10	624	1
0	0	2011-05-17.09:24:45	9	622	1
0	0	2011-05-17.09:24:49	9	622	1
0	0	2011-05-17.09:24:53	8	622	1
0	0	2011-05-17.09:24:57	7	622	1
0	0	2011-05-17.09:25:01	7	630	1
0	0	2011-05-17.09:25:05	6	628	1
0	0	2011-05-17.09:25:09	6	624	1
0	0	2011-05-17.09:25:13	6	624	1
0	0	2011-05-17.09:25:17	5	624	1
0	0	2011-05-17.09:25:22	5	624	1
0	0	2011-05-17.09:25:26	4	624	1
0	0	2011-05-17.09:25:30	4	624	1
0	0	2011-05-17.09:25:34	4	624	1
0	0	2011-05-17.09:25:38	4	624	1
0	0	2011-05-17.09:25:42	3	624	1
0	0	2011-05-17.09:25:46	3	622	1
0	0	2011-05-17.09:25:50	3	622	1
0	0	2011-05-17.09:25:54	3	622	1
0	0	2011-05-17.09:25:58	2	622	1
0	0	2011-05-17.09:26:02	2	628	1
0	0	2011-05-17.09:26:06	2	624	1
0	0	2011-05-17.09:26:10	18	624	1
0	0	2011-05-17.09:26:14	18	624	1
0	0	2011-05-17.09:26:19	16	624	1
0	0	2011-05-17.09:26:23	15	624	1
0	0	2011-05-17.09:26:27	14	624	1
0	0	2011-05-17.09:26:31	13	624	1
0	0	2011-05-17.09:26:35	12	624	1
0	0	2011-05-17.09:26:39	12	624	1
0	0	2011-05-17.09:26:43	11	624	1
0	0	2011-05-17.09:26:47	10	622	1
0	0	2011-05-17.09:26:51	9	622	1
0	0	2011-05-17.09:26:55	8	622	1
0	0	2011-05-17.09:26:59	8	622	1
0	0	2011-05-17.09:27:03	8	630	1
0	0	2011-05-17.09:27:07	7	624	1
0	0	2011-05-17.09:27:12	6	624	1
0	0	2011-05-17.09:27:16	6	624	1
0	0	2011-05-17.09:27:20	6	624	1
0	0	2011-05-17.09:27:24	5	624	1
0	0	2011-05-17.09:27:28	5	624	1
0	0	2011-05-17.09:27:32	12	624	1
0	0	2011-05-17.09:27:36	11	624	1
0	0	2011-05-17.09:27:40	11	624	1
0	0	2011-05-17.09:27:44	11	624	1
0	0	2011-05-17.09:27:48	10	622	1
0	0	2011-05-17.09:27:52	9	622	1
0	0	2011-05-17.09:27:56	8	622	1
0	0	2011-05-17.09:28:00	7	622	1
0	0	2011-05-17.09:28:04	7	628	1
0	0	2011-05-17.09:28:09	7	624	1
0	0	2011-05-17.09:28:13	6	624	1
0	0	2011-05-17.09:28:17	14	624	1
0	0	2011-05-17.09:28:21	13	624	1
0	0	2011-05-17.09:28:25	12	624	1
0	0	2011-05-17.09:28:29	12	624	1
0	0	2011-05-17.09:28:33	19	624	1
0	0	2011-05-17.09:28:37	17	624	1
0	0	2011-05-17.09:28:41	16	624	1
0	0	2011-05-17.09:28:45	14	624	1
0	0	2011-05-17.09:28:49	14	622	1
0	0	2011-05-17.09:28:53	13	622	1
0	0	2011-05-17.09:28:57	12	622	1
0	0	2011-05-17.09:29:01	11	630	1
0	0	2011-05-17.09:29:06	10	626	1
0	0	2011-05-17.09:29:10	10	624	1
0	0	2011-05-17.09:29:14	9	624	1
0	0	2011-05-17.09:29:18	9	624	1
0	0	2011-05-17.09:29:22	8	624	1
0	0	2011-05-17.09:29:26	15	624	1
0	0	2011-05-17.09:29:30	14	624	1
0	0	2011-05-17.09:29:34	14	624	1
0	0	2011-05-17.09:29:38	13	624	1
0	0	2011-05-17.09:29:42	12	624	1
0	0	2011-05-17.09:29:46	11	622	1
0	0	2011-05-17.09:29:50	10	622	1
0	0	2011-05-17.09:29:54	10	622	1
0	0	2011-05-17.09:29:58	9	622	1
0	0	2011-05-17.09:30:03	8	630	1
0	0	2011-05-17.09:30:07	8	628	1
0	0	2011-05-17.09:30:11	7	624	1
0	0	2011-05-17.09:30:15	7	624	1
0	0	2011-05-17.09:30:19	22	624	1
0	0	2011-05-17.09:30:23	21	624	1
0	0	2011-05-17.09:30:27	19	624	1
0	0	2011-05-17.09:30:31	17	624	1
0	0	2011-05-17.09:30:35	16	624	1
0	0	2011-05-17.09:30:39	16	624	1
0	0	2011-05-17.09:30:43	15	624	1
0	0	2011-05-17.09:30:47	14	622	1
0	0	2011-05-17.09:30:51	12	622	1
0	0	2011-05-17.09:30:55	19	622	1
0	0	2011-05-17.09:31:00	19	622	1
0	0	2011-05-17.09:31:04	18	628	1
0	0	2011-05-17.09:31:08	16	624	1
0	0	2011-05-17.09:31:12	15	624	1
0	0	2011-05-17.09:31:16	14	624	1
0	0	2011-05-17.09:31:20	13	624	1
0	0	2011-05-17.09:31:24	13	624	1
0	0	2011-05-17.09:31:28	12	624	1
0	0	2011-05-17.09:31:32	11	624	1
0	0	2011-05-17.09:31:36	10	624	1
0	0	2011-05-17.09:31:40	17	624	1
0	0	2011-05-17.09:31:44	17	624	1
0	0	2011-05-17.09:31:48	16	622	1
0	0	2011-05-17.09:31:52	14	622	1
0	0	2011-05-17.09:31:57	13	622	1
0	0	2011-05-17.09:32:01	12	622	1
0	0	2011-05-17.09:32:05	12	626	1
0	0	2011-05-17.09:32:09	11	624	1
0	0	2011-05-17.09:32:13	10	624	1
0	0	2011-05-17.09:32:17	9	624	1
0	0	2011-05-17.09:32:21	9	624	1
0	0	2011-05-17.09:32:25	8	624	1
0	0	2011-05-17.09:32:29	8	624	1
0	0	2011-05-17.09:32:33	7	624	1
0	0	2011-05-17.09:32:37	7	624	1
0	0	2011-05-17.09:32:41	6	624	1
0	0	2011-05-17.09:32:45	6	622	1
0	0	2011-05-17.09:32:49	6	622	1
0	0	2011-05-17.09:32:54	5	622	1
0	0	2011-05-17.09:32:58	5	622	1
0	0	2011-05-17.09:33:02	4	630	1
0	0	2011-05-17.09:33:06	4	628	1
0	0	2011-05-17.09:33:10	4	624	1
0	0	2011-05-17.09:33:14	4	624	1
0	0	2011-05-17.09:33:18	3	624	1
0	0	2011-05-17.09:33:22	3	624	1
0	0	2011-05-17.09:33:26	3	624	1
0	0	2011-05-17.09:33:30	2	624	1
0	0	2011-05-17.09:33:34	2	624	1
0	0	2011-05-17.09:33:38	2	624	1
0	0	2011-05-17.09:33:42	2	624	1
0	0	2011-05-17.09:33:47	2	622	1
0	0	2011-05-17.09:33:51	2	622	1
0	0	2011-05-17.09:33:55	2	622	1
0	0	2011-05-17.09:33:59	2	622	1
0	0	2011-05-17.09:34:03	1	630	1
0	0	2011-05-17.09:34:07	1	624	1
0	0	2011-05-17.09:34:11	1	624	1
0	0	2011-05-17.09:34:15	1	624	1
0	0	2011-05-17.09:34:19	1	624	1
0	0	2011-05-17.09:34:23	1	624	1
0	0	2011-05-17.09:34:27	1	624	1
0	0	2011-05-17.09:34:31	1	624	1
0	0	2011-05-17.09:34:35	1	624	1
0	0	2011-05-17.09:34:39	1	624	1
0	0	2011-05-17.09:34:43	1	624	1
0	0	2011-05-17.09:34:48	0	622	1
0	0	2011-05-17.09:34:52	0	622	1
0	0	2011-05-17.09:34:56	0	622	1
0	0	2011-05-17.09:35:00	0	622	1
0	0	2011-05-17.09:35:04	0	626	1
0	0	2011-05-17.09:35:08	0	624	1
0	0	2011-05-17.09:35:12	0	624	1
0	0	2011-05-17.09:35:16	0	624	1
0	0	2011-05-17.09:35:20	0	624	1
0	0	2011-05-17.09:35:24	0	624	1
0	0	2011-05-17.09:35:28	0	624	1
0	0	2011-05-17.09:35:32	0	624	1
0	0	2011-05-17.09:35:36	0	624	1
0	0	2011-05-17.09:35:40	0	624	1
0	0	2011-05-17.09:35:45	0	624	1
0	0	2011-05-17.09:35:49	0	622	1
0	0	2011-05-17.09:35:53	0	622	1
0	0	2011-05-17.09:35:57	0	622	1
0	0	2011-05-17.09:36:01	0	622	1
0	0	2011-05-17.09:36:05	0	628	1
0	0	2011-05-17.09:36:09	0	624	1
0	0	2011-05-17.09:36:13	0	624	1
0	0	2011-05-17.09:36:17	0	624	1
0	0	2011-05-17.09:36:21	0	624	1
0	0	2011-05-17.09:36:25	0	624	1
0	0	2011-05-17.09:36:29	0	624	1
0	0	2011-05-17.09:36:33	0	624	1
0	0	2011-05-17.09:36:38	0	624	1
0	0	2011-05-17.09:36:42	0	624	1
0	0	2011-05-17.09:36:46	0	622	1
0	0	2011-05-17.09:36:50	16	622	1
0	0	2011-05-17.09:36:54	16	622	1
0	0	2011-05-17.09:36:58	15	622	1
0	0	2011-05-17.09:37:02	13	630	1
0	0	2011-05-17.09:37:06	12	628	1
0	0	2011-05-17.09:37:10	19	624	1
0	0	2011-05-17.09:37:14	19	624	1
0	0	2011-05-17.09:37:18	18	624	1
0	0	2011-05-17.09:37:22	16	624	1
0	0	2011-05-17.09:37:26	15	624	1
0	0	2011-05-17.09:37:30	14	624	1
0	0	2011-05-17.09:37:35	14	624	1
0	0	2011-05-17.09:37:39	13	624	1
0	0	2011-05-17.09:37:43	12	624	1
0	0	2011-05-17.09:37:47	11	622	1
0	0	2011-05-17.09:37:51	10	622	1
0	0	2011-05-17.09:37:55	9	622	1
0	0	2011-05-17.09:37:59	9	622	1
0	0	2011-05-17.09:38:03	8	628	1
0	0	2011-05-17.09:38:07	8	624	1
0	0	2011-05-17.09:38:11	7	624	1
0	0	2011-05-17.09:38:15	6	624	1
0	0	2011-05-17.09:38:19	6	624	1
0	0	2011-05-17.09:38:23	14	624	1
0	0	2011-05-17.09:38:27	13	624	1
0	0	2011-05-17.09:38:32	12	624	1
0	0	2011-05-17.09:38:36	11	624	1
0	0	2011-05-17.09:38:40	11	624	1
0	0	2011-05-17.09:38:44	18	624	1
0	0	2011-05-17.09:38:48	16	622	1
0	0	2011-05-17.09:38:52	15	622	1
0	0	2011-05-17.09:38:56	14	622	1
0	0	2011-05-17.09:39:00	13	622	1
0	0	2011-05-17.09:39:04	13	629	1
0	0	2011-05-17.09:39:08	20	624	1
0	0	2011-05-17.09:39:12	18	624	1
0	0	2011-05-17.09:39:16	25	624	1
0	0	2011-05-17.09:39:20	31	624	1
0	0	2011-05-17.09:39:25	31	624	1
0	0	2011-05-17.09:39:29	28	624	1
0	0	2011-05-17.09:39:33	26	624	1
0	0	2011-05-17.09:39:37	24	624	1
0	0	2011-05-17.09:39:41	22	624	1
0	0	2011-05-17.09:39:45	20	624	1
0	0	2011-05-17.09:39:49	20	622	1
0	0	2011-05-17.09:39:53	26	622	1
0	0	2011-05-17.09:39:57	24	622	1
0	0	2011-05-17.09:40:01	22	630	1
0	0	2011-05-17.09:40:05	20	628	1
0	0	2011-05-17.09:40:09	20	624	1
0	0	2011-05-17.09:40:13	19	624	1
0	0	2011-05-17.09:40:17	17	624	1
0	0	2011-05-17.09:40:22	16	624	1
0	0	2011-05-17.09:40:26	15	624	1
0	0	2011-05-17.09:40:30	15	624	1
0	0	2011-05-17.09:40:34	21	624	1
0	0	2011-05-17.09:40:38	20	624	1
0	0	2011-05-17.09:40:42	18	624	1
0	0	2011-05-17.09:40:46	17	622	1
0	0	2011-05-17.09:40:50	15	622	1
0	0	2011-05-17.09:40:54	15	622	1
0	0	2011-05-17.09:40:58	14	622	1
0	0	2011-05-17.09:41:02	13	628	1
0	0	2011-05-17.09:41:06	12	624	1
0	0	2011-05-17.09:41:10	11	624	1
0	0	2011-05-17.09:41:14	11	624	1
0	0	2011-05-17.09:41:19	10	624	1
0	0	2011-05-17.09:41:23	9	624	1
0	0	2011-05-17.09:41:27	8	624	1
0	0	2011-05-17.09:41:31	16	624	1
0	0	2011-05-17.09:41:35	14	624	1
0	0	2011-05-17.09:41:39	14	624	1
0	0	2011-05-17.09:41:43	13	624	1
0	0	2011-05-17.09:41:47	12	622	1
0	0	2011-05-17.09:41:51	11	622	1
0	0	2011-05-17.09:41:55	10	622	1
0	0	2011-05-17.09:41:59	10	622	1
0	0	2011-05-17.09:42:03	9	628	1
0	0	2011-05-17.09:42:07	9	624	1
0	0	2011-05-17.09:42:12	8	624	1
0	0	2011-05-17.09:42:16	7	624	1
0	0	2011-05-17.09:42:20	7	624	1
0	0	2011-05-17.09:42:24	7	624	1
0	0	2011-05-17.09:42:28	6	624	1
0	0	2011-05-17.09:42:32	6	624	1
0	0	2011-05-17.09:42:36	5	624	1
0	0	2011-05-17.09:42:40	5	624	1
0	0	2011-05-17.09:42:44	5	624	1
0	0	2011-05-17.09:42:48	12	622	1
0	0	2011-05-17.09:42:52	11	622	1
0	0	2011-05-17.09:42:56	10	622	1
0	0	2011-05-17.09:43:00	10	622	1
0	0	2011-05-17.09:43:04	10	628	1
0	0	2011-05-17.09:43:09	9	624	1
0	0	2011-05-17.09:43:13	24	624	1
0	0	2011-05-17.09:43:17	22	624	1
0	0	2011-05-17.09:43:21	20	624	1
0	0	2011-05-17.09:43:25	19	624	1
0	0	2011-05-17.09:43:29	19	624	1
0	0	2011-05-17.09:43:33	17	624	1
0	0	2011-05-17.09:43:37	16	624	1
0	0	2011-05-17.09:43:41	14	624	1
0	0	2011-05-17.09:43:45	13	622	1
0	0	2011-05-17.09:43:49	13	622	1
0	0	2011-05-17.09:43:53	12	622	1
0	0	2011-05-17.09:43:57	11	622	1
0	0	2011-05-17.09:44:01	10	628	1
0	0	2011-05-17.09:44:06	9	626	1
0	0	2011-05-17.09:44:10	9	624	1
0	0	2011-05-17.09:44:14	9	624	1
0	0	2011-05-17.09:44:18	8	624	1
0	0	2011-05-17.09:44:22	7	624	1
0	0	2011-05-17.09:44:26	7	624	1
0	0	2011-05-17.09:44:30	6	624	1
0	0	2011-05-17.09:44:34	6	624	1
0	0	2011-05-17.09:44:38	6	624	1
0	0	2011-05-17.09:44:42	5	624	1
0	0	2011-05-17.09:44:46	5	622	1
0	0	2011-05-17.09:44:50	4	622	1
0	0	2011-05-17.09:44:54	4	622	1
0	0	2011-05-17.09:44:58	4	622	1
0	0	2011-05-17.09:45:03	4	630	1
0	0	2011-05-17.09:45:07	3	624	1
0	0	2011-05-17.09:45:11	3	624	1
0	0	2011-05-17.09:45:15	3	624	1
0	0	2011-05-17.09:45:19	3	624	1
0	0	2011-05-17.09:45:23	2	624	1
0	0	2011-05-17.09:45:27	2	624	1
0	0	2011-05-17.09:45:31	2	624	1
0	0	2011-05-17.09:45:35	2	624	1
0	0	2011-05-17.09:45:39	2	624	1
0	0	2011-05-17.09:45:43	2	624	1
0	0	2011-05-17.09:45:47	2	622	1
0	0	2011-05-17.09:45:51	1	622	1
0	0	2011-05-17.09:45:56	1	622	1
0	0	2011-05-17.09:46:00	1	622	1
0	0	2011-05-17.09:46:04	1	630	1
0	0	2011-05-17.09:46:08	1	624	1
0	0	2011-05-17.09:46:12	1	624	1
0	0	2011-05-17.09:46:16	1	624	1
0	0	2011-05-17.09:46:20	1	624	1
0	0	2011-05-17.09:46:24	1	624	1
0	0	2011-05-17.09:46:28	1	624	1
0	0	2011-05-17.09:46:32	1	624	1
0	0	2011-05-17.09:46:36	0	624	1
0	0	2011-05-17.09:46:40	0	624	1
0	0	2011-05-17.09:46:44	0	624	1
0	0	2011-05-17.09:46:49	0	622	1
0	0	2011-05-17.09:46:53	0	622	1
0	0	2011-05-17.09:46:57	0	622	1
0	0	2011-05-17.09:47:01	0	622	1
0	0	2011-05-17.09:47:05	0	627	1
0	0	2011-05-17.09:47:09	0	624	1
0	0	2011-05-17.09:47:13	0	624	1
0	0	2011-05-17.09:47:17	0	624	1
0	0	2011-05-17.09:47:21	0	624	1
0	0	2011-05-17.09:47:25	8	624	1
0	0	2011-05-17.09:47:29	8	624	1
0	0	2011-05-17.09:47:33	7	624	1
0	0	2011-05-17.09:47:37	7	624	1
0	0	2011-05-17.09:47:42	6	624	1
0	0	2011-05-17.09:47:46	6	624	1
0	0	2011-05-17.09:47:50	6	622	1
0	0	2011-05-17.09:47:54	13	622	1
0	0	2011-05-17.09:47:58	12	622	1
0	0	2011-05-17.09:48:02	11	630	1
0	0	2011-05-17.09:48:06	10	624	1
0	0	2011-05-17.09:48:10	9	624	1
0	0	2011-05-17.09:48:14	9	624	1
0	0	2011-05-17.09:48:18	9	624	1
0	0	2011-05-17.09:48:22	8	624	1
0	0	2011-05-17.09:48:26	7	624	1
0	0	2011-05-17.09:48:30	7	624	1
0	0	2011-05-17.09:48:34	7	624	1
0	0	2011-05-17.09:48:39	6	624	1
0	0	2011-05-17.09:48:43	6	624	1
0	0	2011-05-17.09:48:47	5	622	1
0	0	2011-05-17.09:48:51	5	623	1
0	0	2011-05-17.09:48:55	12	622	1
0	0	2011-05-17.09:48:59	12	622	1
0	0	2011-05-17.09:49:03	11	630	1
0	0	2011-05-17.09:49:07	10	624	1
0	0	2011-05-17.09:49:11	9	624	1
0	0	2011-05-17.09:49:15	9	624	1
0	0	2011-05-17.09:49:19	9	624	1
0	0	2011-05-17.09:49:23	8	624	1
0	0	2011-05-17.09:49:27	7	624	1
0	0	2011-05-17.09:49:31	7	624	1
0	0	2011-05-17.09:49:36	6	624	1
0	0	2011-05-17.09:49:40	6	624	1
0	0	2011-05-17.09:49:44	6	624	1
0	0	2011-05-17.09:49:48	5	622	1
0	0	2011-05-17.09:49:52	5	622	1
0	0	2011-05-17.09:49:56	4	622	1
0	0	2011-05-17.09:50:00	4	622	1
0	0	2011-05-17.09:50:04	4	626	1
0	0	2011-05-17.09:50:08	4	624	1
0	0	2011-05-17.09:50:12	3	624	1
0	0	2011-05-17.09:50:16	3	624	1
0	0	2011-05-17.09:50:20	3	624	1
0	0	2011-05-17.09:50:24	3	624	1
0	0	2011-05-17.09:50:29	2	624	1
0	0	2011-05-17.09:50:33	2	624	1
0	0	2011-05-17.09:50:37	10	624	1
0	0	2011-05-17.09:50:41	9	624	1
0	0	2011-05-17.09:50:45	8	624	1
0	0	2011-05-17.09:50:49	8	622	1
0	0	2011-05-17.09:50:53	8	622	1
0	0	2011-05-17.09:50:57	23	622	1
0	0	2011-05-17.09:51:01	21	634	1
0	0	2011-05-17.09:51:05	20	628	1
0	0	2011-05-17.09:51:09	20	624	1
0	0	2011-05-17.09:51:13	18	624	1
0	0	2011-05-17.09:51:17	16	624	1
0	0	2011-05-17.09:51:21	15	624	1
0	0	2011-05-17.09:51:26	14	624	1
0	0	2011-05-17.09:51:30	14	624	1
0	0	2011-05-17.09:51:34	13	624	1
0	0	2011-05-17.09:51:38	12	624	1
0	0	2011-05-17.09:51:42	11	624	1
0	0	2011-05-17.09:51:46	10	622	1
0	0	2011-05-17.09:51:50	17	622	1
0	0	2011-05-17.09:51:54	17	622	1
0	0	2011-05-17.09:51:58	16	622	1
0	0	2011-05-17.09:52:02	14	630	1
0	0	2011-05-17.09:52:06	13	626	1
0	0	2011-05-17.09:52:10	20	624	1
0	0	2011-05-17.09:52:14	20	624	1
0	0	2011-05-17.09:52:18	18	624	1
0	0	2011-05-17.09:52:23	17	624	1
0	0	2011-05-17.09:52:27	16	624	1
0	0	2011-05-17.09:52:31	14	624	1
0	0	2011-05-17.09:52:35	13	624	1
0	0	2011-05-17.09:52:39	13	624	1
0	0	2011-05-17.09:52:43	12	624	1
0	0	2011-05-17.09:52:47	19	622	1
0	0	2011-05-17.09:52:51	18	622	1
0	0	2011-05-17.09:52:55	16	622	1
0	0	2011-05-17.09:52:59	16	622	1
0	0	2011-05-17.09:53:03	15	628	1
0	0	2011-05-17.09:53:07	22	624	1
0	0	2011-05-17.09:53:11	20	624	1
0	0	2011-05-17.09:53:15	18	624	1
0	0	2011-05-17.09:53:20	18	624	1
0	0	2011-05-17.09:53:24	17	624	1
0	0	2011-05-17.09:53:28	15	624	1
0	0	2011-05-17.09:53:32	14	624	1
0	0	2011-05-17.09:53:36	13	624	1
0	0	2011-05-17.09:53:40	12	624	1
0	0	2011-05-17.09:53:44	12	624	1
0	0	2011-05-17.09:53:48	11	622	1
0	0	2011-05-17.09:53:52	10	622	1
0	0	2011-05-17.09:53:56	9	622	1
0	0	2011-05-17.09:54:00	8	622	1
0	0	2011-05-17.09:54:04	8	628	1
0	0	2011-05-17.09:54:08	8	624	1
0	0	2011-05-17.09:54:13	7	624	1
0	0	2011-05-17.09:54:17	7	624	1
0	0	2011-05-17.09:54:21	6	624	1
0	0	2011-05-17.09:54:25	6	624	1
0	0	2011-05-17.09:54:29	6	624	1
0	0	2011-05-17.09:54:33	5	624	1
0	0	2011-05-17.09:54:37	5	624	1
0	0	2011-05-17.09:54:41	4	624	1
0	0	2011-05-17.09:54:45	4	624	1
0	0	2011-05-17.09:54:49	4	622	1
0	0	2011-05-17.09:54:53	4	622	1
0	0	2011-05-17.09:54:57	3	622	1
0	0	2011-05-17.09:55:01	3	622	1
0	0	2011-05-17.09:55:05	3	628	1
0	0	2011-05-17.09:55:10	3	624	1
0	0	2011-05-17.09:55:14	2	624	1
0	0	2011-05-17.09:55:18	2	624	1
0	0	2011-05-17.09:55:22	2	624	1
0	0	2011-05-17.09:55:26	10	624	1
0	0	2011-05-17.09:55:30	9	624	1
0	0	2011-05-17.09:55:34	9	624	1
0	0	2011-05-17.09:55:38	8	624	1
0	0	2011-05-17.09:55:42	8	624	1
0	0	2011-05-17.09:55:46	7	622	1
0	0	2011-05-17.09:55:50	6	622	1
0	0	2011-05-17.09:55:54	6	622	1
0	0	2011-05-17.09:55:58	6	622	1
0	0	2011-05-17.09:56:02	5	628	1
0	0	2011-05-17.09:56:07	5	624	1
0	0	2011-05-17.09:56:11	4	624	1
0	0	2011-05-17.09:56:15	4	624	1
0	0	2011-05-17.09:56:19	4	624	1
0	0	2011-05-17.09:56:23	4	624	1
0	0	2011-05-17.09:56:27	3	624	1
0	0	2011-05-17.09:56:31	3	624	1
0	0	2011-05-17.09:56:35	3	624	1
0	0	2011-05-17.09:56:39	3	624	1
0	0	2011-05-17.09:56:43	3	624	1
0	0	2011-05-17.09:56:47	2	622	1
0	0	2011-05-17.09:56:51	2	622	1
0	0	2011-05-17.09:56:55	2	622	1
0	0	2011-05-17.09:56:59	2	622	1
0	0	2011-05-17.09:57:04	2	628	1
0	0	2011-05-17.09:57:08	2	624	1
0	0	2011-05-17.09:57:12	1	624	1
0	0	2011-05-17.09:57:16	1	624	1
0	0	2011-05-17.09:57:20	1	624	1
0	0	2011-05-17.09:57:24	1	624	1
0	0	2011-05-17.09:57:28	1	624	1
0	0	2011-05-17.09:57:32	1	624	1
0	0	2011-05-17.09:57:36	1	624	1
0	0	2011-05-17.09:57:40	1	624	1
0	0	2011-05-17.09:57:44	1	624	1
0	0	2011-05-17.09:57:48	9	622	1
0	0	2011-05-17.09:57:52	8	622	1
0	0	2011-05-17.09:57:57	7	622	1
0	0	2011-05-17.09:58:01	7	622	1
0	0	2011-05-17.09:58:05	6	628	1
0	0	2011-05-17.09:58:09	6	624	1
0	0	2011-05-17.09:58:13	6	624	1
0	0	2011-05-17.09:58:17	5	624	1
0	0	2011-05-17.09:58:21	5	624	1
0	0	2011-05-17.09:58:25	4	625	1
0	0	2011-05-17.09:58:29	4	625	1
0	0	2011-05-17.09:58:33	4	625	1
0	0	2011-05-17.09:58:37	4	625	1
0	0	2011-05-17.09:58:41	3	625	1
0	0	2011-05-17.09:58:45	3	623	1
0	0	2011-05-17.09:58:49	3	623	1
0	0	2011-05-17.09:58:54	3	623	1
0	0	2011-05-17.09:58:58	2	623	1
0	0	2011-05-17.09:59:02	2	629	1
0	0	2011-05-17.09:59:06	2	627	1
0	0	2011-05-17.09:59:10	2	625	1
0	0	2011-05-17.09:59:14	2	625	1
0	0	2011-05-17.09:59:18	2	625	1
0	0	2011-05-17.09:59:22	2	625	1
0	0	2011-05-17.09:59:26	1	625	1
0	0	2011-05-17.09:59:30	1	625	1
0	0	2011-05-17.09:59:34	1	625	1
0	0	2011-05-17.09:59:38	1	625	1
0	0	2011-05-17.09:59:42	1	625	1
0	0	2011-05-17.09:59:46	1	623	1
0	0	2011-05-17.09:59:51	9	623	1
0	0	2011-05-17.09:59:55	8	623	1
0	0	2011-05-17.09:59:59	8	623	1
0	0	2011-05-17.10:00:03	7	631	1
0	0	2011-05-17.10:00:07	7	625	1
0	0	2011-05-17.10:00:11	6	625	1
0	0	2011-05-17.10:00:15	6	625	1
0	0	2011-05-17.10:00:19	6	625	1
0	0	2011-05-17.10:00:23	5	625	1
0	0	2011-05-17.10:00:27	5	625	1
0	0	2011-05-17.10:00:31	4	625	1
0	0	2011-05-17.10:00:35	4	625	1
0	0	2011-05-17.10:00:39	4	625	1
0	0	2011-05-17.10:00:44	4	625	1
0	0	2011-05-17.10:00:48	11	623	1
0	0	2011-05-17.10:00:52	10	623	1
0	0	2011-05-17.10:00:56	10	623	1
0	0	2011-05-17.10:01:00	9	623	1
0	0	2011-05-17.10:01:04	9	629	1
0	0	2011-05-17.10:01:08	16	625	1
0	0	2011-05-17.10:01:12	15	625	1
0	0	2011-05-17.10:01:16	13	625	1
0	0	2011-05-17.10:01:20	20	625	1
0	0	2011-05-17.10:01:24	20	625	1
0	0	2011-05-17.10:01:28	27	625	1
0	0	2011-05-17.10:01:32	49	625	1
0	0	2011-05-17.10:01:36	45	625	1
0	0	2011-05-17.10:01:40	41	625	1
0	0	2011-05-17.10:01:45	41	625	1
0	0	2011-05-17.10:01:49	46	623	1
0	0	2011-05-17.10:01:53	42	622	1
0	0	2011-05-17.10:01:57	47	622	1
0	0	2011-05-17.10:02:01	51	622	1
0	0	2011-05-17.10:02:05	55	626	1
0	0	2011-05-17.10:02:09	55	624	1
0	0	2011-05-17.10:02:13	50	624	1
0	0	2011-05-17.10:02:17	46	624	1
0	0	2011-05-17.10:02:21	43	624	1
0	0	2011-05-17.10:02:25	39	624	1
0	0	2011-05-17.10:02:29	39	624	1
0	0	2011-05-17.10:02:33	36	624	1
0	0	2011-05-17.10:02:37	33	624	1
0	0	2011-05-17.10:02:42	30	624	1
0	0	2011-05-17.10:02:46	28	622	1
0	0	2011-05-17.10:02:50	26	622	1
0	0	2011-05-17.10:02:54	26	622	1
0	0	2011-05-17.10:02:58	24	622	1
0	0	2011-05-17.10:03:02	22	630	1
0	0	2011-05-17.10:03:06	20	628	1
0	0	2011-05-17.10:03:10	18	624	1
0	0	2011-05-17.10:03:14	18	624	1
0	0	2011-05-17.10:03:18	17	624	1
0	0	2011-05-17.10:03:22	15	624	1
0	0	2011-05-17.10:03:26	14	624	1
0	0	2011-05-17.10:03:30	13	624	1
0	0	2011-05-17.10:03:34	13	624	1
0	0	2011-05-17.10:03:38	12	624	1
0	0	2011-05-17.10:03:43	11	624	1
0	0	2011-05-17.10:03:47	10	623	1
0	0	2011-05-17.10:03:51	9	622	1
0	0	2011-05-17.10:03:55	8	622	1
0	0	2011-05-17.10:03:59	8	622	1
0	0	2011-05-17.10:04:03	8	630	1
0	0	2011-05-17.10:04:07	7	624	1
0	0	2011-05-17.10:04:11	7	624	1
0	0	2011-05-17.10:04:15	6	624	1
0	0	2011-05-17.10:04:19	6	624	1
0	0	2011-05-17.10:04:23	14	624	1
0	0	2011-05-17.10:04:27	12	624	1
0	0	2011-05-17.10:04:31	11	624	1
0	0	2011-05-17.10:04:35	10	624	1
0	0	2011-05-17.10:04:40	10	625	1
0	0	2011-05-17.10:04:44	26	624	1
0	0	2011-05-17.10:04:48	32	622	1
0	0	2011-05-17.10:04:52	29	622	1
0	0	2011-05-17.10:04:56	27	622	1
0	0	2011-05-17.10:05:00	25	622	1
0	0	2011-05-17.10:05:04	25	626	1
0	0	2011-05-17.10:05:08	22	625	1
0	0	2011-05-17.10:05:12	21	624	1
0	0	2011-05-17.10:05:16	19	624	1
0	0	2011-05-17.10:05:20	17	624	1
0	0	2011-05-17.10:05:24	17	624	1
0	0	2011-05-17.10:05:28	16	624	1
0	0	2011-05-17.10:05:33	15	624	1
0	0	2011-05-17.10:05:37	38	624	1
0	0	2011-05-17.10:05:41	35	624	1
0	0	2011-05-17.10:05:45	32	624	1
0	0	2011-05-17.10:05:49	32	622	1
0	0	2011-05-17.10:05:53	29	622	1
0	0	2011-05-17.10:05:57	27	622	1
0	0	2011-05-17.10:06:01	33	630	1
0	0	2011-05-17.10:06:05	30	629	1
0	0	2011-05-17.10:06:09	30	624	1
0	0	2011-05-17.10:06:13	28	624	1
0	0	2011-05-17.10:06:17	25	624	1
0	0	2011-05-17.10:06:21	31	624	1
0	0	2011-05-17.10:06:25	29	624	1
0	0	2011-05-17.10:06:30	29	624	1
0	0	2011-05-17.10:06:34	34	624	1
0	0	2011-05-17.10:06:38	32	624	1
0	0	2011-05-17.10:06:42	29	624	1
0	0	2011-05-17.10:06:46	35	622	1
0	0	2011-05-17.10:06:50	40	622	1
0	0	2011-05-17.10:06:54	40	622	1
0	0	2011-05-17.10:06:58	37	622	1
0	0	2011-05-17.10:07:02	34	630	1
0	0	2011-05-17.10:07:06	31	624	1
0	0	2011-05-17.10:07:10	29	624	1
0	0	2011-05-17.10:07:14	29	624	1
0	0	2011-05-17.10:07:18	26	624	1
0	0	2011-05-17.10:07:22	24	624	1
0	0	2011-05-17.10:07:27	22	624	1
0	0	2011-05-17.10:07:31	20	624	1
0	0	2011-05-17.10:07:35	19	624	1
0	0	2011-05-17.10:07:39	19	624	1
0	0	2011-05-17.10:07:43	25	624	1
0	0	2011-05-17.10:07:47	23	622	1
0	0	2011-05-17.10:07:51	21	622	1
0	0	2011-05-17.10:07:55	20	623	1
0	0	2011-05-17.10:07:59	20	622	1
0	0	2011-05-17.10:08:03	18	628	1
0	0	2011-05-17.10:08:07	24	624	1
0	0	2011-05-17.10:08:11	22	624	1
0	0	2011-05-17.10:08:15	21	624	1
0	0	2011-05-17.10:08:19	21	624	1
0	0	2011-05-17.10:08:24	19	624	1
0	0	2011-05-17.10:08:28	17	624	1
0	0	2011-05-17.10:08:32	16	624	1
0	0	2011-05-17.10:08:36	15	624	1
0	0	2011-05-17.10:08:40	13	624	1
0	0	2011-05-17.10:08:44	13	624	1
0	0	2011-05-17.10:08:48	20	622	1
0	0	2011-05-17.10:08:52	19	622	1
0	0	2011-05-17.10:08:56	17	622	1
0	0	2011-05-17.10:09:00	24	622	1
0	0	2011-05-17.10:09:04	24	628	1
0	0	2011-05-17.10:09:08	30	624	1
0	0	2011-05-17.10:09:12	35	624	1
0	0	2011-05-17.10:09:16	41	624	1
0	0	2011-05-17.10:09:20	45	624	1
0	0	2011-05-17.10:09:24	45	624	1
0	0	2011-05-17.10:09:29	50	624	1
0	0	2011-05-17.10:09:33	54	624	1
0	0	2011-05-17.10:09:37	57	624	1
0	0	2011-05-17.10:09:41	61	624	1
0	0	2011-05-17.10:09:45	64	624	1
0	0	2011-05-17.10:09:49	64	622	1
0	0	2011-05-17.10:09:53	67	622	1
0	0	2011-05-17.10:09:57	61	622	1
0	0	2011-05-17.10:10:01	56	623	1
0	0	2011-05-17.10:10:05	52	628	1
0	0	2011-05-17.10:10:09	52	624	1
0	0	2011-05-17.10:10:13	48	624	1
0	0	2011-05-17.10:10:17	44	624	1
0	0	2011-05-17.10:10:21	40	624	1
0	0	2011-05-17.10:10:25	37	625	1
0	0	2011-05-17.10:10:29	37	624	1
0	0	2011-05-17.10:10:33	34	624	1
0	0	2011-05-17.10:10:38	31	624	1
0	0	2011-05-17.10:10:42	29	624	1
0	0	2011-05-17.10:10:46	26	622	1
0	0	2011-05-17.10:10:50	24	622	1
0	0	2011-05-17.10:10:54	24	622	1
0	0	2011-05-17.10:10:58	22	622	1
0	0	2011-05-17.10:11:02	29	628	1
0	0	2011-05-17.10:11:06	26	626	1
0	0	2011-05-17.10:11:10	24	624	1
0	0	2011-05-17.10:11:14	24	624	1
0	0	2011-05-17.10:11:18	22	624	1
0	0	2011-05-17.10:11:22	20	624	1
0	0	2011-05-17.10:11:26	19	624	1
0	0	2011-05-17.10:11:31	17	624	1
0	0	2011-05-17.10:11:35	16	624	1
0	0	2011-05-17.10:11:39	16	624	1
0	0	2011-05-17.10:11:43	14	624	1
0	0	2011-05-17.10:11:47	13	622	1
0	0	2011-05-17.10:11:51	12	622	1
0	0	2011-05-17.10:11:55	11	622	1
0	0	2011-05-17.10:11:59	11	622	1
0	0	2011-05-17.10:12:03	10	628	1
0	0	2011-05-17.10:12:07	9	625	1
0	0	2011-05-17.10:12:11	9	624	1
0	0	2011-05-17.10:12:15	16	624	1
0	0	2011-05-17.10:12:19	16	624	1
0	0	2011-05-17.10:12:23	15	624	1
0	0	2011-05-17.10:12:28	13	624	1
0	0	2011-05-17.10:12:32	12	625	1
0	0	2011-05-17.10:12:36	11	624	1
0	0	2011-05-17.10:12:40	18	624	1
0	0	2011-05-17.10:12:44	18	624	1
0	0	2011-05-17.10:12:48	25	622	1
0	0	2011-05-17.10:12:52	23	622	1
0	0	2011-05-17.10:12:56	21	622	1
0	0	2011-05-17.10:13:00	19	622	1
0	0	2011-05-17.10:13:04	19	628	1
0	0	2011-05-17.10:13:08	18	624	1
0	0	2011-05-17.10:13:12	24	624	1
0	0	2011-05-17.10:13:16	22	624	1
0	0	2011-05-17.10:13:20	20	624	1
0	0	2011-05-17.10:13:25	20	624	1
0	0	2011-05-17.10:13:29	35	624	1
0	0	2011-05-17.10:13:33	32	624	1
0	0	2011-05-17.10:13:37	29	624	1
0	0	2011-05-17.10:13:41	27	624	1
0	0	2011-05-17.10:13:45	25	622	1
0	0	2011-05-17.10:13:49	25	622	1
0	0	2011-05-17.10:13:53	23	622	1
0	0	2011-05-17.10:13:57	21	623	1
0	0	2011-05-17.10:14:01	19	628	1
0	0	2011-05-17.10:14:05	18	626	1
0	0	2011-05-17.10:14:09	18	624	1
0	0	2011-05-17.10:14:13	32	624	1
0	0	2011-05-17.10:14:17	30	624	1
0	0	2011-05-17.10:14:21	27	624	1
0	0	2011-05-17.10:14:26	25	624	1
0	0	2011-05-17.10:14:30	23	624	1
0	0	2011-05-17.10:14:34	23	624	1
0	0	2011-05-17.10:14:38	21	624	1
0	0	2011-05-17.10:14:42	19	624	1
0	0	2011-05-17.10:14:46	26	622	1
0	0	2011-05-17.10:14:50	24	623	1
0	0	2011-05-17.10:14:54	24	622	1
0	0	2011-05-17.10:14:58	22	622	1
0	0	2011-05-17.10:15:02	28	630	1
0	0	2011-05-17.10:15:06	34	626	1
0	0	2011-05-17.10:15:10	31	624	1
0	0	2011-05-17.10:15:14	31	624	1
0	0	2011-05-17.10:15:19	29	624	1
0	0	2011-05-17.10:15:23	26	624	1
0	0	2011-05-17.10:15:27	24	624	1
0	0	2011-05-17.10:15:31	22	624	1
0	0	2011-05-17.10:15:35	20	624	1
0	0	2011-05-17.10:15:39	20	624	1
0	0	2011-05-17.10:15:43	19	625	1
0	0	2011-05-17.10:15:47	17	622	1
0	0	2011-05-17.10:15:51	16	622	1
0	0	2011-05-17.10:15:55	14	622	1
0	0	2011-05-17.10:15:59	14	622	1
0	0	2011-05-17.10:16:03	13	630	1
0	0	2011-05-17.10:16:07	12	624	1
0	0	2011-05-17.10:16:11	11	624	1
0	0	2011-05-17.10:16:16	10	624	1
0	0	2011-05-17.10:16:20	9	624	1
0	0	2011-05-17.10:16:24	9	624	1
0	0	2011-05-17.10:16:28	9	624	1
0	0	2011-05-17.10:16:32	16	624	1
0	0	2011-05-17.10:16:36	23	624	1
0	0	2011-05-17.10:16:40	21	624	1
0	0	2011-05-17.10:16:44	21	624	1
0	0	2011-05-17.10:16:48	19	622	1
0	0	2011-05-17.10:16:52	18	622	1
0	0	2011-05-17.10:16:56	24	622	1
0	0	2011-05-17.10:17:00	22	622	1
0	0	2011-05-17.10:17:04	22	627	1
0	0	2011-05-17.10:17:08	20	624	1
0	0	2011-05-17.10:17:12	19	624	1
0	0	2011-05-17.10:17:17	17	624	1
0	0	2011-05-17.10:17:21	16	624	1
0	0	2011-05-17.10:17:25	14	624	1
0	0	2011-05-17.10:17:29	14	624	1
0	0	2011-05-17.10:17:33	13	624	1
0	0	2011-05-17.10:17:37	12	624	1
0	0	2011-05-17.10:17:41	19	624	1
0	0	2011-05-17.10:17:45	34	624	1
0	0	2011-05-17.10:17:49	34	622	1
0	0	2011-05-17.10:17:53	31	622	1
0	0	2011-05-17.10:17:57	28	623	1
0	0	2011-05-17.10:18:01	26	622	1
0	0	2011-05-17.10:18:05	24	628	1
0	0	2011-05-17.10:18:09	24	624	1
0	0	2011-05-17.10:18:13	22	624	1
0	0	2011-05-17.10:18:18	28	624	1
0	0	2011-05-17.10:18:22	34	624	1
0	0	2011-05-17.10:18:26	47	624	1
0	0	2011-05-17.10:18:30	43	624	1
0	0	2011-05-17.10:18:34	43	624	1
0	0	2011-05-17.10:18:38	40	624	1
0	0	2011-05-17.10:18:42	45	624	1
0	0	2011-05-17.10:18:46	49	622	1
0	0	2011-05-17.10:18:50	45	622	1
0	0	2011-05-17.10:18:54	45	623	1
0	0	2011-05-17.10:18:58	42	623	1
0	0	2011-05-17.10:19:02	38	630	1
0	0	2011-05-17.10:19:06	35	628	1
0	0	2011-05-17.10:19:10	32	624	1
0	0	2011-05-17.10:19:15	38	624	2
0	0	2011-05-17.10:19:19	38	626	5
0	0	2011-05-17.10:19:24	35	625	5
0	0	2011-05-17.10:19:28	32	625	5
0	0	2011-05-17.10:19:33	29	625	5
0	0	2011-05-17.10:19:37	35	628	1
0	0	2011-05-17.10:19:42	32	629	2
0	0	2011-05-17.10:19:46	29	625	5
0	0	2011-05-17.10:19:51	27	623	5
0	0	2011-05-17.10:19:55	41	623	5
0	0	2011-05-17.10:20:00	38	623	5
0	0	2011-05-17.10:20:05	35	627	5
0	0	2011-05-17.10:20:09	35	625	5
0	0	2011-05-17.10:20:14	32	626	5
0	0	2011-05-17.10:20:18	45	625	5
0	0	2011-05-17.10:20:23	42	625	5
0	0	2011-05-17.10:20:27	38	625	5
0	0	2011-05-17.10:20:32	43	625	5
0	0	2011-05-17.10:20:37	40	625	5
0	0	2011-05-17.10:20:41	36	625	5
0	0	2011-05-17.10:20:46	33	623	5
0	0	2011-05-17.10:20:50	31	623	5
0	0	2011-05-17.10:20:55	28	623	5
0	0	2011-05-17.10:21:00	26	623	5
0	0	2011-05-17.10:21:04	26	629	5
0	0	2011-05-17.10:21:09	24	625	5
0	0	2011-05-17.10:21:13	22	625	5
0	0	2011-05-17.10:21:18	28	625	5
0	0	2011-05-17.10:21:22	26	625	5
0	0	2011-05-17.10:21:27	40	625	5
0	0	2011-05-17.10:21:32	53	625	5
0	0	2011-05-17.10:21:36	56	624	5
0	0	2011-05-17.10:21:41	52	624	5
0	0	2011-05-17.10:21:45	48	621	5
0	0	2011-05-17.10:21:50	44	621	5
0	0	2011-05-17.10:21:55	40	621	5
0	0	2011-05-17.10:21:59	40	622	5
0	0	2011-05-17.10:22:04	37	628	5
0	0	2011-05-17.10:22:08	42	624	5
0	0	2011-05-17.10:22:13	55	624	5
0	0	2011-05-17.10:22:17	50	625	5
0	0	2011-05-17.10:22:22	54	624	5
0	0	2011-05-17.10:22:27	50	624	5
0	0	2011-05-17.10:22:31	46	625	5
0	0	2011-05-17.10:22:36	42	624	5
0	0	2011-05-17.10:22:40	39	624	5
0	0	2011-05-17.10:22:45	36	622	5
0	0	2011-05-17.10:22:49	36	622	5
0	0	2011-05-17.10:22:54	33	622	5
0	0	2011-05-17.10:22:59	46	622	5
0	0	2011-05-17.10:23:03	42	628	5
0	0	2011-05-17.10:23:08	39	624	5
0	0	2011-05-17.10:23:12	36	624	5
0	0	2011-05-17.10:23:17	33	624	5
0	0	2011-05-17.10:23:21	30	625	5
0	0	2011-05-17.10:23:26	28	624	5
0	0	2011-05-17.10:23:31	34	624	5
0	0	2011-05-17.10:23:35	31	624	5
0	0	2011-05-17.10:23:40	28	624	5
0	0	2011-05-17.10:23:44	28	624	5
0	0	2011-05-17.10:23:49	26	622	5
0	0	2011-05-17.10:23:54	24	622	5
0	0	2011-05-17.10:23:58	22	622	5
0	0	2011-05-17.10:24:03	20	630	5
0	0	2011-05-17.10:24:07	19	624	5
0	0	2011-05-17.10:24:12	17	624	5
0	0	2011-05-17.10:24:16	16	624	5
0	0	2011-05-17.10:24:21	14	624	5
0	0	2011-05-17.10:24:26	13	624	5
0	0	2011-05-17.10:24:30	12	624	5
0	0	2011-05-17.10:24:35	11	624	5
0	0	2011-05-17.10:24:39	11	624	5
0	0	2011-05-17.10:24:44	10	624	5
0	0	2011-05-17.10:24:49	9	622	5
0	0	2011-05-17.10:24:53	33	622	5
0	0	2011-05-17.10:24:58	30	622	5
0	0	2011-05-17.10:25:02	28	630	5
0	0	2011-05-17.10:25:07	25	624	5
0	0	2011-05-17.10:25:11	23	624	5
0	0	2011-05-17.10:25:16	21	624	5
0	0	2011-05-17.10:25:21	20	624	5
0	0	2011-05-17.10:25:25	18	624	5
0	0	2011-05-17.10:25:30	17	624	5
0	0	2011-05-17.10:25:34	17	624	5
0	0	2011-05-17.10:25:39	15	624	5
0	0	2011-05-17.10:25:44	22	624	5
0	0	2011-05-17.10:25:48	20	622	5
0	0	2011-05-17.10:25:53	18	622	5
0	0	2011-05-17.10:25:57	17	622	5
0	0	2011-05-17.10:26:02	24	628	5
0	0	2011-05-17.10:26:06	30	626	5
0	0	2011-05-17.10:26:11	35	624	5
0	0	2011-05-17.10:26:16	49	624	5
0	0	2011-05-17.10:26:20	53	624	5
0	0	2011-05-17.10:26:25	56	624	5
0	0	2011-05-17.10:26:29	56	624	5
0	0	2011-05-17.10:26:34	60	624	5
0	0	2011-05-17.10:26:38	55	624	5
0	0	2011-05-17.10:26:43	51	624	5
0	0	2011-05-17.10:26:48	47	622	5
0	0	2011-05-17.10:26:52	51	622	5
0	0	2011-05-17.10:26:57	47	622	5
0	0	2011-05-17.10:27:01	43	634	5
0	0	2011-05-17.10:27:06	39	628	5
0	0	2011-05-17.10:27:11	36	624	5
0	0	2011-05-17.10:27:15	33	626	5
0	0	2011-05-17.10:27:20	31	628	5
0	0	2011-05-17.10:27:24	31	624	5
0	0	2011-05-17.10:27:29	28	624	5
0	0	2011-05-17.10:27:33	26	624	5
0	0	2011-05-17.10:27:38	24	624	5
0	0	2011-05-17.10:27:43	22	624	5
0	0	2011-05-17.10:27:47	20	622	5
0	0	2011-05-17.10:27:52	27	622	5
0	0	2011-05-17.10:27:56	24	622	5
0	0	2011-05-17.10:28:01	30	622	5
0	0	2011-05-17.10:28:05	28	628	5
0	0	2011-05-17.10:28:10	26	624	5
0	0	2011-05-17.10:28:15	24	624	5
0	0	2011-05-17.10:28:19	24	624	5
0	0	2011-05-17.10:28:24	22	624	5
0	0	2011-05-17.10:28:28	28	624	4
0	0	2011-05-17.10:28:33	26	624	5
0	0	2011-05-17.10:28:38	24	626	6
0	0	2011-05-17.10:28:42	22	626	6
0	0	2011-05-17.10:28:47	28	623	6
0	0	2011-05-17.10:28:51	26	624	6
0	0	2011-05-17.10:28:56	24	624	6
0	0	2011-05-17.10:29:00	22	624	6
0	0	2011-05-17.10:29:05	20	628	5
0	0	2011-05-17.10:29:10	18	625	5
0	0	2011-05-17.10:29:14	18	625	4
0	0	2011-05-17.10:29:19	17	624	5
0	0	2011-05-17.10:29:23	15	626	6
0	0	2011-05-17.10:29:28	22	626	6
0	0	2011-05-17.10:29:32	20	626	6
0	0	2011-05-17.10:29:37	19	626	6
0	0	2011-05-17.10:29:42	17	624	4
0	0	2011-05-17.10:29:46	16	622	4
0	0	2011-05-17.10:29:51	31	624	6
0	0	2011-05-17.10:29:55	28	623	4
0	0	2011-05-17.10:30:00	26	623	4
0	0	2011-05-17.10:30:04	24	628	4
0	0	2011-05-17.10:30:09	24	624	4
0	0	2011-05-17.10:30:14	22	624	4
0	0	2011-05-17.10:30:18	20	624	4
0	0	2011-05-17.10:30:23	18	624	4
0	0	2011-05-17.10:30:27	17	624	4
0	0	2011-05-17.10:30:32	16	624	4
0	0	2011-05-17.10:30:37	14	624	4
0	0	2011-05-17.10:30:41	13	626	6
0	0	2011-05-17.10:30:46	12	623	4
0	0	2011-05-17.10:30:50	11	622	4
0	0	2011-05-17.10:30:55	10	622	4
0	0	2011-05-17.10:30:59	10	624	6
0	0	2011-05-17.10:31:04	9	629	5
0	0	2011-05-17.10:31:09	16	625	4
0	0	2011-05-17.10:31:13	15	624	4
0	0	2011-05-17.10:31:18	14	624	4
0	0	2011-05-17.10:31:22	21	624	4
0	0	2011-05-17.10:31:27	19	624	4
0	0	2011-05-17.10:31:32	34	624	4
0	0	2011-05-17.10:31:36	31	624	4
0	0	2011-05-17.10:31:41	28	624	4
0	0	2011-05-17.10:31:45	26	622	4
0	0	2011-05-17.10:31:50	24	622	4
0	0	2011-05-17.10:31:54	24	622	4
0	0	2011-05-17.10:31:59	30	622	4
0	0	2011-05-17.10:32:04	28	626	4
0	0	2011-05-17.10:32:08	25	624	4
0	0	2011-05-17.10:32:13	23	624	4
0	0	2011-05-17.10:32:17	21	624	4
0	0	2011-05-17.10:32:22	20	624	4
0	0	2011-05-17.10:32:27	18	624	4
0	0	2011-05-17.10:32:31	17	624	4
0	0	2011-05-17.10:32:36	15	624	4
0	0	2011-05-17.10:32:40	14	624	4
0	0	2011-05-17.10:32:45	13	624	4
0	0	2011-05-17.10:32:49	13	622	4
0	0	2011-05-17.10:32:54	20	623	4
0	0	2011-05-17.10:32:59	18	622	4
0	0	2011-05-17.10:33:03	17	630	4
0	0	2011-05-17.10:33:08	15	624	4
0	0	2011-05-17.10:33:12	14	624	4
0	0	2011-05-17.10:33:17	13	624	4
0	0	2011-05-17.10:33:21	20	624	4
0	0	2011-05-17.10:33:26	18	624	4
0	0	2011-05-17.10:33:31	17	624	4
0	0	2011-05-17.10:33:35	15	624	4
0	0	2011-05-17.10:33:40	14	624	4
0	0	2011-05-17.10:33:44	14	624	4
0	0	2011-05-17.10:33:49	13	622	4
0	0	2011-05-17.10:33:54	12	622	4
0	0	2011-05-17.10:33:58	11	622	4
0	0	2011-05-17.10:34:03	10	630	4
0	0	2011-05-17.10:34:07	9	624	4
0	0	2011-05-17.10:34:12	8	624	4
0	0	2011-05-17.10:34:16	8	624	4
0	0	2011-05-17.10:34:21	7	624	4
0	0	2011-05-17.10:34:26	6	624	4
0	0	2011-05-17.10:34:30	6	624	4
0	0	2011-05-17.10:34:35	5	624	4
0	0	2011-05-17.10:34:39	5	624	4
0	0	2011-05-17.10:34:44	5	624	4
0	0	2011-05-17.10:34:49	13	622	4
0	0	2011-05-17.10:34:53	36	622	5
0	0	2011-05-17.10:34:58	57	622	5
0	0	2011-05-17.10:35:02	52	630	6
0	0	2011-05-17.10:35:07	48	626	6
0	0	2011-05-17.10:35:11	44	624	4
0	0	2011-05-17.10:35:16	41	625	4
0	0	2011-05-17.10:35:21	37	624	4
0	0	2011-05-17.10:35:25	34	624	4
0	0	2011-05-17.10:35:30	31	624	5
0	0	2011-05-17.10:35:34	31	626	6
0	0	2011-05-17.10:35:39	29	626	6
0	0	2011-05-17.10:35:44	27	626	6
0	0	2011-05-17.10:35:48	24	623	4
0	0	2011-05-17.10:35:53	22	622	4
0	0	2011-05-17.10:35:57	21	622	4
0	0	2011-05-17.10:36:02	19	630	4
0	0	2011-05-17.10:36:06	41	630	1
0	0	2011-05-17.10:36:10	38	626	1
0	0	2011-05-17.10:36:14	38	624	1
0	0	2011-05-17.10:36:18	51	624	1
0	0	2011-05-17.10:36:23	47	624	1
0	0	2011-05-17.10:36:27	43	624	1
0	0	2011-05-17.10:36:31	40	624	1
0	0	2011-05-17.10:36:35	36	624	1
0	0	2011-05-17.10:36:39	36	624	1
0	0	2011-05-17.10:36:43	34	624	1
0	0	2011-05-17.10:36:47	31	622	1
0	0	2011-05-17.10:36:51	28	622	1
0	0	2011-05-17.10:36:55	26	622	1
0	0	2011-05-17.10:36:59	26	622	1
0	0	2011-05-17.10:37:03	24	628	1
0	0	2011-05-17.10:37:07	22	624	1
0	0	2011-05-17.10:37:11	20	624	1
0	0	2011-05-17.10:37:16	18	624	1
0	0	2011-05-17.10:37:20	17	624	1
0	0	2011-05-17.10:37:24	17	624	1
0	0	2011-05-17.10:37:28	16	624	1
0	0	2011-05-17.10:37:32	22	624	1
0	0	2011-05-17.10:37:36	21	624	1
0	0	2011-05-17.10:37:40	19	624	1
0	0	2011-05-17.10:37:44	19	624	1
0	0	2011-05-17.10:37:48	17	622	1
0	0	2011-05-17.10:37:52	16	622	1
0	0	2011-05-17.10:37:56	15	622	1
0	0	2011-05-17.10:38:00	13	622	1
0	0	2011-05-17.10:38:04	13	626	1
0	0	2011-05-17.10:38:08	28	624	1
0	0	2011-05-17.10:38:13	26	624	1
0	0	2011-05-17.10:38:17	24	624	1
0	0	2011-05-17.10:38:21	22	624	1
0	0	2011-05-17.10:38:25	20	624	1
0	0	2011-05-17.10:38:29	20	624	1
0	0	2011-05-17.10:38:33	18	624	1
0	0	2011-05-17.10:38:37	17	624	1
0	0	2011-05-17.10:38:41	16	624	1
0	0	2011-05-17.10:38:45	14	623	1
0	0	2011-05-17.10:38:49	14	622	1
0	0	2011-05-17.10:38:53	29	622	1
0	0	2011-05-17.10:38:57	27	622	1
0	0	2011-05-17.10:39:01	25	630	1
0	0	2011-05-17.10:39:06	23	628	1
0	0	2011-05-17.10:39:10	21	624	1
0	0	2011-05-17.10:39:14	21	624	1
0	0	2011-05-17.10:39:18	19	624	1
0	0	2011-05-17.10:39:22	18	624	1
0	0	2011-05-17.10:39:26	24	624	1
0	0	2011-05-17.10:39:30	30	624	1
0	0	2011-05-17.10:39:34	30	624	1
0	0	2011-05-17.10:39:38	28	624	1
0	0	2011-05-17.10:39:42	25	624	1
0	0	2011-05-17.10:39:46	23	622	1
0	0	2011-05-17.10:39:50	22	622	1
0	0	2011-05-17.10:39:54	20	622	1
0	0	2011-05-17.10:39:59	20	622	1
0	0	2011-05-17.10:40:03	18	630	1
0	0	2011-05-17.10:40:07	25	627	1
0	0	2011-05-17.10:40:11	31	627	1
0	0	2011-05-17.10:40:15	28	624	1
0	0	2011-05-17.10:40:19	28	624	1
0	0	2011-05-17.10:40:24	26	627	3
0	0	2011-05-17.10:40:28	24	629	1
0	0	2011-05-17.10:40:32	22	627	2
0	0	2011-05-17.10:40:37	20	626	2
0	0	2011-05-17.10:40:41	27	632	4
0	0	2011-05-17.10:40:45	24	625	1
0	0	2011-05-17.10:40:50	22	622	1
0	0	2011-05-17.10:40:54	22	622	1
0	0	2011-05-17.10:40:58	21	622	1
0	0	2011-05-17.10:41:02	19	628	1
0	0	2011-05-17.10:41:06	17	626	1
0	0	2011-05-17.10:41:10	16	624	1
0	0	2011-05-17.10:41:14	16	624	1
0	0	2011-05-17.10:41:18	15	624	1
0	0	2011-05-17.10:41:22	13	624	1
0	0	2011-05-17.10:41:26	12	624	1
0	0	2011-05-17.10:41:30	19	624	1
0	0	2011-05-17.10:41:34	19	624	1
0	0	2011-05-17.10:41:38	26	624	1
0	0	2011-05-17.10:41:43	24	624	1
0	0	2011-05-17.10:41:47	22	622	1
0	0	2011-05-17.10:41:51	20	622	1
0	0	2011-05-17.10:41:55	18	622	1
0	0	2011-05-17.10:41:59	18	622	1
0	0	2011-05-17.10:42:03	17	630	1
0	0	2011-05-17.10:42:07	23	624	1
0	0	2011-05-17.10:42:11	30	624	1
0	0	2011-05-17.10:42:15	27	624	1
0	0	2011-05-17.10:42:19	27	624	1
0	0	2011-05-17.10:42:23	25	624	1
0	0	2011-05-17.10:42:27	31	624	1
0	0	2011-05-17.10:42:31	29	624	1
0	0	2011-05-17.10:42:35	26	624	1
0	0	2011-05-17.10:42:40	24	624	1
0	0	2011-05-17.10:42:44	24	624	1
0	0	2011-05-17.10:42:48	22	622	1
0	0	2011-05-17.10:42:52	20	622	1
0	0	2011-05-17.10:42:56	19	622	1
0	0	2011-05-17.10:43:00	17	622	1
0	0	2011-05-17.10:43:04	17	628	1
0	0	2011-05-17.10:43:08	16	624	1
0	0	2011-05-17.10:43:12	14	624	1
0	0	2011-05-17.10:43:16	13	624	1
0	0	2011-05-17.10:43:20	20	624	1
0	0	2011-05-17.10:43:24	20	624	1
0	0	2011-05-17.10:43:28	19	624	1
0	0	2011-05-17.10:43:33	17	624	1
0	0	2011-05-17.10:43:37	16	624	1
0	0	2011-05-17.10:43:41	14	624	1
0	0	2011-05-17.10:43:45	13	624	1
0	0	2011-05-17.10:43:49	13	622	1
0	0	2011-05-17.10:43:53	12	622	1
0	0	2011-05-17.10:43:57	19	622	1
0	0	2011-05-17.10:44:01	18	622	1
0	0	2011-05-17.10:44:05	16	626	1
0	0	2011-05-17.10:44:09	16	624	1
0	0	2011-05-17.10:44:13	15	624	1
0	0	2011-05-17.10:44:17	14	624	1
0	0	2011-05-17.10:44:21	13	624	1
0	0	2011-05-17.10:44:25	12	624	1
0	0	2011-05-17.10:44:30	11	624	1
0	0	2011-05-17.10:44:34	11	624	1
0	0	2011-05-17.10:44:38	10	624	1
0	0	2011-05-17.10:44:42	9	624	1
0	0	2011-05-17.10:44:46	8	622	1
0	0	2011-05-17.10:44:50	8	622	1
0	0	2011-05-17.10:44:54	8	622	1
0	0	2011-05-17.10:44:58	7	622	1
0	0	2011-05-17.10:45:02	6	630	1
0	0	2011-05-17.10:45:06	6	628	1
0	0	2011-05-17.10:45:10	5	624	1
0	0	2011-05-17.10:45:14	5	624	1
0	0	2011-05-17.10:45:18	5	624	1
0	0	2011-05-17.10:45:22	4	624	1
0	0	2011-05-17.10:45:27	4	624	1
0	0	2011-05-17.10:45:31	4	624	1
0	0	2011-05-17.10:45:35	11	624	1
0	0	2011-05-17.10:45:39	11	624	1
0	0	2011-05-17.10:45:43	10	624	1
0	0	2011-05-17.10:45:47	10	622	1
0	0	2011-05-17.10:45:51	9	622	1
0	0	2011-05-17.10:45:55	8	622	1
0	0	2011-05-17.10:45:59	8	622	1
0	0	2011-05-17.10:46:03	15	628	1
0	0	2011-05-17.10:46:07	14	624	1
0	0	2011-05-17.10:46:11	13	624	1
0	0	2011-05-17.10:46:15	12	624	1
0	0	2011-05-17.10:46:20	11	624	1
0	0	2011-05-17.10:46:24	11	624	1
0	0	2011-05-17.10:46:28	10	624	1
0	0	2011-05-17.10:46:32	9	624	1
0	0	2011-05-17.10:46:36	8	624	1
0	0	2011-05-17.10:46:40	8	624	1
0	0	2011-05-17.10:46:44	8	624	1
0	0	2011-05-17.10:46:48	7	622	1
0	0	2011-05-17.10:46:52	6	622	1
0	0	2011-05-17.10:46:56	14	622	1
0	0	2011-05-17.10:47:00	13	622	1
0	0	2011-05-17.10:47:04	13	626	1
0	0	2011-05-17.10:47:08	12	624	1
0	0	2011-05-17.10:47:12	11	624	1
0	0	2011-05-17.10:47:17	10	624	1
0	0	2011-05-17.10:47:21	9	624	1
0	0	2011-05-17.10:47:25	8	624	1
0	0	2011-05-17.10:47:29	8	624	1
0	0	2011-05-17.10:47:33	8	624	1
0	0	2011-05-17.10:47:37	7	624	1
0	0	2011-05-17.10:47:41	6	624	1
0	0	2011-05-17.10:47:45	6	622	1
0	0	2011-05-17.10:47:49	6	622	1
0	0	2011-05-17.10:47:53	5	622	1
0	0	2011-05-17.10:47:57	5	622	1
0	0	2011-05-17.10:48:01	5	630	1
0	0	2011-05-17.10:48:05	4	628	1
0	0	2011-05-17.10:48:09	4	624	1
0	0	2011-05-17.10:48:14	4	624	1
0	0	2011-05-17.10:48:18	3	624	1
0	0	2011-05-17.10:48:22	3	624	1
0	0	2011-05-17.10:48:26	3	624	1
0	0	2011-05-17.10:48:30	3	624	1
0	0	2011-05-17.10:48:34	3	624	1
0	0	2011-05-17.10:48:38	2	624	1
0	0	2011-05-17.10:48:42	2	624	1
0	0	2011-05-17.10:48:46	2	622	1
0	0	2011-05-17.10:48:50	2	622	1
0	0	2011-05-17.10:48:54	2	622	1
0	0	2011-05-17.10:48:58	2	622	1
0	0	2011-05-17.10:49:02	2	630	1
0	0	2011-05-17.10:49:06	1	624	1
0	0	2011-05-17.10:49:11	1	624	1
0	0	2011-05-17.10:49:15	1	624	1
0	0	2011-05-17.10:49:19	1	624	1
0	0	2011-05-17.10:49:23	1	624	1
0	0	2011-05-17.10:49:27	1	624	1
0	0	2011-05-17.10:49:31	1	626	1
0	0	2011-05-17.10:49:35	1	626	1
0	0	2011-05-17.10:49:39	1	624	1
0	0	2011-05-17.10:49:43	1	624	1
0	0	2011-05-17.10:49:47	1	622	1
0	0	2011-05-17.10:49:52	0	623	3
0	0	2011-05-17.10:49:56	8	622	3
0	0	2011-05-17.10:50:01	16	622	4
0	0	2011-05-17.10:50:05	22	626	3
0	0	2011-05-17.10:50:10	29	624	3
0	0	2011-05-17.10:50:15	34	624	3
0	0	2011-05-17.10:50:19	34	624	3
0	0	2011-05-17.10:50:24	40	624	3
0	0	2011-05-17.10:50:28	52	624	4
0	0	2011-05-17.10:50:33	48	624	4
0	0	2011-05-17.10:50:37	60	624	4
0	0	2011-05-17.10:50:42	63	624	4
0	0	2011-05-17.10:50:47	74	622	3
0	0	2011-05-17.10:50:51	68	622	3
0	0	2011-05-17.10:50:56	63	622	3
0	0	2011-05-17.10:51:00	58	622	3
0	0	2011-05-17.10:51:05	53	628	3
0	0	2011-05-17.10:51:10	49	624	3
0	0	2011-05-17.10:51:14	49	624	3
0	0	2011-05-17.10:51:19	45	624	3
0	0	2011-05-17.10:51:23	41	624	3
0	0	2011-05-17.10:51:28	38	624	3
0	0	2011-05-17.10:51:32	35	624	3
0	0	2011-05-17.10:51:37	32	624	3
0	0	2011-05-17.10:51:42	29	624	3
0	0	2011-05-17.10:51:46	35	622	3
0	0	2011-05-17.10:51:51	32	622	3
0	0	2011-05-17.10:51:55	30	622	3
0	0	2011-05-17.10:52:00	27	622	3
0	0	2011-05-17.10:52:04	25	628	3
0	0	2011-05-17.10:52:09	25	624	3
0	0	2011-05-17.10:52:14	23	624	3
0	0	2011-05-17.10:52:18	21	624	3
0	0	2011-05-17.10:52:23	27	624	3
0	0	2011-05-17.10:52:27	25	624	3
0	0	2011-05-17.10:52:32	31	624	3
0	0	2011-05-17.10:52:37	29	624	3
0	0	2011-05-17.10:52:41	26	624	3
0	0	2011-05-17.10:52:46	24	624	3
0	0	2011-05-17.10:52:50	22	624	3
0	0	2011-05-17.10:52:55	36	624	3
0	0	2011-05-17.10:52:59	33	624	3
0	0	2011-05-17.10:53:04	33	628	3
0	0	2011-05-17.10:53:09	31	626	4
0	0	2011-05-17.10:53:13	36	627	4
0	0	2011-05-17.10:53:18	41	628	4
0	0	2011-05-17.10:53:22	38	628	3
0	0	2011-05-17.10:53:27	35	628	3
0	0	2011-05-17.10:53:31	32	628	3
0	0	2011-05-17.10:53:36	54	628	4
0	0	2011-05-17.10:53:41	65	628	4
0	0	2011-05-17.10:53:45	60	629	6
0	0	2011-05-17.10:53:50	55	625	6
0	0	2011-05-17.10:53:54	55	625	6
0	0	2011-05-17.10:53:59	59	629	3
0	0	2011-05-17.10:54:04	54	633	3
0	0	2011-05-17.10:54:08	50	627	3
0	0	2011-05-17.10:54:13	62	627	3
0	0	2011-05-17.10:54:17	65	627	3
0	0	2011-05-17.10:54:22	60	627	3
0	0	2011-05-17.10:54:26	55	627	3
0	0	2011-05-17.10:54:31	50	627	3
0	0	2011-05-17.10:54:36	46	627	3
0	0	2011-05-17.10:54:40	43	627	3
0	0	2011-05-17.10:54:45	39	628	4
0	0	2011-05-17.10:54:49	39	627	5
0	0	2011-05-17.10:54:54	44	627	5
0	0	2011-05-17.10:54:59	48	626	5
0	0	2011-05-17.10:55:03	45	634	5
0	0	2011-05-17.10:55:08	41	630	5
0	0	2011-05-17.10:55:12	38	628	3
0	0	2011-05-17.10:55:17	35	628	3
0	0	2011-05-17.10:55:21	32	628	3
0	0	2011-05-17.10:55:26	37	628	4
0	0	2011-05-17.10:55:31	34	630	5
0	0	2011-05-17.10:55:35	31	630	5
0	0	2011-05-17.10:55:40	29	630	5
0	0	2011-05-17.10:55:44	29	629	5
0	0	2011-05-17.10:55:49	35	626	5
0	0	2011-05-17.10:55:54	40	627	5
0	0	2011-05-17.10:55:58	37	627	5
0	0	2011-05-17.10:56:03	42	633	5
0	0	2011-05-17.10:56:07	38	629	5
0	0	2011-05-17.10:56:12	35	629	5
0	0	2011-05-17.10:56:16	40	629	5
0	0	2011-05-17.10:56:21	37	629	5
0	0	2011-05-17.10:56:26	34	629	5
0	0	2011-05-17.10:56:30	31	628	3
0	0	2011-05-17.10:56:35	29	627	3
0	0	2011-05-17.10:56:39	26	627	3
0	0	2011-05-17.10:56:44	26	627	3
0	0	2011-05-17.10:56:48	48	625	3
0	0	2011-05-17.10:56:53	44	625	3
0	0	2011-05-17.10:56:58	57	625	3
0	0	2011-05-17.10:57:02	76	633	3
0	0	2011-05-17.10:57:07	78	627	3
0	0	2011-05-17.10:57:11	80	627	3
0	0	2011-05-17.10:57:16	81	627	3
0	0	2011-05-17.10:57:21	83	627	3
0	0	2011-05-17.10:57:25	84	627	3
0	0	2011-05-17.10:57:30	85	627	3
0	0	2011-05-17.10:57:34	85	627	3
0	0	2011-05-17.10:57:39	87	627	3
0	0	2011-05-17.10:57:43	88	627	3
0	0	2011-05-17.10:57:48	89	625	3
0	0	2011-05-17.10:57:53	97	625	3
0	0	2011-05-17.10:57:57	90	625	3
0	0	2011-05-17.10:58:02	82	633	3
0	0	2011-05-17.10:58:06	76	627	3
0	0	2011-05-17.10:58:11	70	627	3
0	0	2011-05-17.10:58:15	64	627	3
0	0	2011-05-17.10:58:20	59	627	3
0	0	2011-05-17.10:58:25	54	627	3
0	0	2011-05-17.10:58:29	54	627	3
0	0	2011-05-17.10:58:34	50	627	3
0	0	2011-05-17.10:58:38	46	627	3
0	0	2011-05-17.10:58:43	42	627	3
0	0	2011-05-17.10:58:47	39	625	3
0	0	2011-05-17.10:58:52	36	625	3
0	0	2011-05-17.10:58:57	33	625	3
0	0	2011-05-17.10:59:01	30	631	3
0	0	2011-05-17.10:59:06	36	629	3
0	0	2011-05-17.10:59:10	33	627	3
0	0	2011-05-17.10:59:15	30	627	3
0	0	2011-05-17.10:59:20	28	627	3
0	0	2011-05-17.10:59:24	28	627	3
0	0	2011-05-17.10:59:29	25	627	3
0	0	2011-05-17.10:59:33	23	627	3
0	0	2011-05-17.10:59:38	21	627	4
0	0	2011-05-17.10:59:42	20	630	6
0	0	2011-05-17.10:59:47	18	626	6
0	0	2011-05-17.10:59:52	33	629	3
0	0	2011-05-17.10:59:56	30	625	3
0	0	2011-05-17.11:00:01	28	625	3
0	0	2011-05-17.11:00:05	25	631	3
0	0	2011-05-17.11:00:10	23	627	3
0	0	2011-05-17.11:00:15	21	627	3
0	0	2011-05-17.11:00:19	21	627	3
0	0	2011-05-17.11:00:24	20	627	3
0	0	2011-05-17.11:00:28	18	627	3
0	0	2011-05-17.11:00:33	17	627	3
0	0	2011-05-17.11:00:37	15	627	3
0	0	2011-05-17.11:00:42	14	627	3
0	0	2011-05-17.11:00:47	13	625	3
0	0	2011-05-17.11:00:51	12	625	3
0	0	2011-05-17.11:00:56	11	625	3
0	0	2011-05-17.11:01:00	10	625	3
0	0	2011-05-17.11:01:05	17	631	3
0	0	2011-05-17.11:01:09	16	627	3
0	0	2011-05-17.11:01:14	16	627	3
0	0	2011-05-17.11:01:19	14	627	3
0	0	2011-05-17.11:01:23	13	627	3
0	0	2011-05-17.11:01:28	12	627	3
0	0	2011-05-17.11:01:32	11	627	3
0	0	2011-05-17.11:01:37	10	627	3
0	0	2011-05-17.11:01:41	17	627	3
0	0	2011-05-17.11:01:46	16	625	3
0	0	2011-05-17.11:01:51	15	625	3
0	0	2011-05-17.11:01:55	13	625	3
0	0	2011-05-17.11:02:00	12	625	3
0	0	2011-05-17.11:02:04	11	629	3
0	0	2011-05-17.11:02:09	11	627	3
0	0	2011-05-17.11:02:14	10	627	3
0	0	2011-05-17.11:02:18	10	627	3
0	0	2011-05-17.11:02:23	9	627	3
0	0	2011-05-17.11:02:27	8	627	3
0	0	2011-05-17.11:02:32	7	627	3
0	0	2011-05-17.11:02:36	7	628	3
0	0	2011-05-17.11:02:41	6	627	3
0	0	2011-05-17.11:02:46	6	625	3
0	0	2011-05-17.11:02:50	5	625	3
0	0	2011-05-17.11:02:55	5	625	3
0	0	2011-05-17.11:02:59	4	625	3
0	0	2011-05-17.11:03:04	4	631	3
0	0	2011-05-17.11:03:09	4	627	3
0	0	2011-05-17.11:03:13	4	627	3
0	0	2011-05-17.11:03:18	3	627	3
0	0	2011-05-17.11:03:22	3	627	3
0	0	2011-05-17.11:03:27	3	627	3
0	0	2011-05-17.11:03:31	2	627	3
0	0	2011-05-17.11:03:36	2	627	3
0	0	2011-05-17.11:03:41	10	627	3
