16	4	2011-04-21.09:00:02	6	436	5
12	4	2011-04-21.09:00:06	6	434	5
6	2	2011-04-21.09:00:11	5	429	5
8	4	2011-04-21.09:00:15	5	429	5
8	4	2011-04-21.09:00:20	4	429	5
8	4	2011-04-21.09:00:25	4	429	5
6	2	2011-04-21.09:00:29	4	429	5
6	2	2011-04-21.09:00:34	11	429	5
10	4	2011-04-21.09:00:38	10	429	5
6	2	2011-04-21.09:00:43	10	429	5
12	4	2011-04-21.09:00:47	10	427	5
6	2	2011-04-21.09:00:52	9	427	5
24	4	2011-04-21.09:00:57	8	428	5
22	4	2011-04-21.09:01:01	7	437	5
10	4	2011-04-21.09:01:06	7	431	5
8	4	2011-04-21.09:01:10	6	429	5
6	2	2011-04-21.09:01:15	6	429	5
8	2	2011-04-21.09:01:19	5	429	5
6	2	2011-04-21.09:01:24	5	429	5
12	4	2011-04-21.09:01:29	4	429	5
6	2	2011-04-21.09:01:33	4	429	5
8	4	2011-04-21.09:01:38	4	429	5
6	2	2011-04-21.09:01:42	4	429	5
8	4	2011-04-21.09:01:47	3	427	5
6	2	2011-04-21.09:01:51	3	427	5
10	4	2011-04-21.09:01:56	3	427	5
8	4	2011-04-21.09:02:01	2	427	5
14	4	2011-04-21.09:02:05	2	433	5
34	16	2011-04-21.09:02:10	18	430	5
14	6	2011-04-21.09:02:14	33	428	5
6	2	2011-04-21.09:02:19	30	428	5
6	2	2011-04-21.09:02:24	28	428	5
8	4	2011-04-21.09:02:28	25	428	5
6	2	2011-04-21.09:02:33	25	428	5
10	4	2011-04-21.09:02:37	23	428	5
6	2	2011-04-21.09:02:42	21	428	5
10	2	2011-04-21.09:02:46	20	426	5
8	4	2011-04-21.09:02:51	18	426	5
6	2	2011-04-21.09:02:56	17	426	5
6	2	2011-04-21.09:03:00	23	426	5
14	4	2011-04-21.09:03:05	21	432	5
6	2	2011-04-21.09:03:09	20	428	5
6	2	2011-04-21.09:03:14	18	428	5
10	4	2011-04-21.09:03:18	16	428	5
6	2	2011-04-21.09:03:23	31	428	5
12	4	2011-04-21.09:03:28	31	428	5
6	2	2011-04-21.09:03:32	29	428	5
8	4	2011-04-21.09:03:37	26	428	5
8	4	2011-04-21.09:03:41	24	428	5
6	2	2011-04-21.09:03:46	22	426	5
8	4	2011-04-21.09:03:50	20	426	5
6	2	2011-04-21.09:03:55	19	426	5
10	4	2011-04-21.09:04:00	17	426	5
14	4	2011-04-21.09:04:04	16	432	5
10	4	2011-04-21.09:04:09	15	428	5
6	2	2011-04-21.09:04:13	13	428	5
6	2	2011-04-21.09:04:18	13	428	5
6	2	2011-04-21.09:04:22	12	428	5
8	4	2011-04-21.09:04:27	11	428	5
8	4	2011-04-21.09:04:32	18	428	5
6	2	2011-04-21.09:04:36	17	428	5
10	4	2011-04-21.09:04:41	15	428	5
6	2	2011-04-21.09:04:45	14	426	5
10	4	2011-04-21.09:04:50	21	426	5
6	2	2011-04-21.09:04:54	19	426	5
6	2	2011-04-21.09:04:59	18	426	5
18	4	2011-04-21.09:05:04	16	432	5
6	2	2011-04-21.09:05:08	15	428	5
6	2	2011-04-21.09:05:13	15	428	5
10	4	2011-04-21.09:05:17	14	428	5
6	2	2011-04-21.09:05:22	13	428	5
6	2	2011-04-21.09:05:26	20	428	5
10	4	2011-04-21.09:05:31	18	428	5
6	2	2011-04-21.09:05:36	17	428	5
8	4	2011-04-21.09:05:40	15	428	5
6	2	2011-04-21.09:05:45	14	428	5
8	4	2011-04-21.09:05:49	13	426	5
6	2	2011-04-21.09:05:54	12	426	5
10	4	2011-04-21.09:05:58	11	426	5
14	4	2011-04-21.09:06:03	10	434	5
12	4	2011-04-21.09:06:08	10	428	5
8	4	2011-04-21.09:06:12	9	428	5
6	2	2011-04-21.09:06:17	8	428	5
6	2	2011-04-21.09:06:21	8	428	5
6	2	2011-04-21.09:06:26	7	428	5
10	4	2011-04-21.09:06:30	6	428	5
6	2	2011-04-21.09:06:35	6	428	5
10	4	2011-04-21.09:06:40	5	428	5
6	2	2011-04-21.09:06:44	21	428	5
10	4	2011-04-21.09:06:49	19	426	5
6	2	2011-04-21.09:06:53	18	426	5
8	4	2011-04-21.09:06:58	18	426	5
14	4	2011-04-21.09:07:03	16	434	5
8	4	2011-04-21.09:07:07	15	428	5
6	2	2011-04-21.09:07:12	14	428	5
6	2	2011-04-21.09:07:16	13	428	5
10	4	2011-04-21.09:07:21	12	428	5
6	2	2011-04-21.09:07:25	11	428	5
12	4	2011-04-21.09:07:30	10	428	5
6	2	2011-04-21.09:07:34	9	428	5
6	2	2011-04-21.09:07:39	8	428	5
8	4	2011-04-21.09:07:44	8	428	5
8	4	2011-04-21.09:07:48	7	426	5
6	2	2011-04-21.09:07:53	7	426	5
8	4	2011-04-21.09:07:57	6	426	5
16	4	2011-04-21.09:08:02	14	436	5
10	4	2011-04-21.09:08:06	21	433	5
10	4	2011-04-21.09:08:11	27	428	5
6	2	2011-04-21.09:08:16	25	428	5
8	4	2011-04-21.09:08:20	23	428	5
6	2	2011-04-21.09:08:25	21	428	5
6	2	2011-04-21.09:08:29	19	428	5
6	2	2011-04-21.09:08:34	26	428	5
10	4	2011-04-21.09:08:38	24	428	5
8	4	2011-04-21.09:08:43	22	428	5
8	4	2011-04-21.09:08:48	22	426	5
10	4	2011-04-21.09:08:52	20	426	5
6	2	2011-04-21.09:08:57	18	426	5
8	4	2011-04-21.09:09:01	17	426	5
14	4	2011-04-21.09:09:06	15	432	5
8	4	2011-04-21.09:09:10	14	428	5
6	2	2011-04-21.09:09:15	13	428	5
10	4	2011-04-21.09:09:20	12	428	5
8	4	2011-04-21.09:09:24	11	428	5
12	4	2011-04-21.09:09:29	10	428	5
6	2	2011-04-21.09:09:33	9	428	5
8	4	2011-04-21.09:09:38	9	428	5
6	2	2011-04-21.09:09:42	8	428	5
6	2	2011-04-21.09:09:47	8	426	5
8	4	2011-04-21.09:09:52	7	426	5
6	2	2011-04-21.09:09:56	7	426	5
10	4	2011-04-21.09:10:01	6	426	5
16	4	2011-04-21.09:10:05	6	432	5
10	4	2011-04-21.09:10:10	5	428	5
6	2	2011-04-21.09:10:14	13	428	5
8	4	2011-04-21.09:10:19	12	428	5
6	2	2011-04-21.09:10:24	11	428	5
8	4	2011-04-21.09:10:28	10	428	5
6	2	2011-04-21.09:10:33	10	428	5
8	4	2011-04-21.09:10:37	9	428	5
10	4	2011-04-21.09:10:42	8	428	5
6	2	2011-04-21.09:10:47	8	426	5
14	4	2011-04-21.09:10:51	7	426	5
12	2	2011-04-21.09:10:56	6	426	5
8	2	2011-04-21.09:11:00	6	426	5
20	4	2011-04-21.09:11:05	5	432	5
10	4	2011-04-21.09:11:10	5	428	5
8	4	2011-04-21.09:11:14	4	428	5
8	2	2011-04-21.09:11:19	4	429	5
8	2	2011-04-21.09:11:23	4	429	5
8	2	2011-04-21.09:11:28	4	428	5
8	2	2011-04-21.09:11:32	3	428	5
6	2	2011-04-21.09:11:37	3	428	5
8	4	2011-04-21.09:11:42	11	428	5
6	2	2011-04-21.09:11:46	10	426	5
8	4	2011-04-21.09:11:51	9	426	5
6	2	2011-04-21.09:11:55	16	426	5
12	4	2011-04-21.09:12:00	15	426	5
16	4	2011-04-21.09:12:04	14	432	5
6	2	2011-04-21.09:12:09	13	428	5
8	2	2011-04-21.09:12:14	12	428	5
8	4	2011-04-21.09:12:18	11	428	5
6	2	2011-04-21.09:12:23	11	428	5
6	2	2011-04-21.09:12:27	10	428	5
6	2	2011-04-21.09:12:32	9	428	5
6	2	2011-04-21.09:12:36	8	428	5
10	4	2011-04-21.09:12:41	8	428	5
6	2	2011-04-21.09:12:46	7	426	5
10	4	2011-04-21.09:12:50	6	426	5
6	2	2011-04-21.09:12:55	6	426	5
8	4	2011-04-21.09:12:59	5	426	5
14	4	2011-04-21.09:13:04	13	432	5
8	4	2011-04-21.09:13:08	12	428	5
6	2	2011-04-21.09:13:13	12	428	5
6	2	2011-04-21.09:13:17	11	428	5
10	4	2011-04-21.09:13:22	10	428	5
6	2	2011-04-21.09:13:27	9	428	5
10	4	2011-04-21.09:13:31	16	428	5
8	4	2011-04-21.09:13:36	15	428	5
6	2	2011-04-21.09:13:40	14	428	5
6	2	2011-04-21.09:13:45	13	426	5
8	4	2011-04-21.09:13:49	12	426	5
6	2	2011-04-21.09:13:54	11	426	5
8	4	2011-04-21.09:13:59	10	426	5
16	4	2011-04-21.09:14:03	9	432	5
8	4	2011-04-21.09:14:08	9	428	5
10	4	2011-04-21.09:14:12	8	428	5
6	2	2011-04-21.09:14:17	8	428	5
8	4	2011-04-21.09:14:21	7	428	5
6	2	2011-04-21.09:14:26	6	428	5
8	2	2011-04-21.09:14:31	6	428	5
8	4	2011-04-21.09:14:35	13	427	5
6	2	2011-04-21.09:14:40	12	427	5
10	4	2011-04-21.09:14:44	11	427	5
6	2	2011-04-21.09:14:49	10	425	5
10	4	2011-04-21.09:14:53	10	425	5
8	4	2011-04-21.09:14:58	9	425	5
18	4	2011-04-21.09:15:03	9	433	5
6	2	2011-04-21.09:15:07	8	427	5
8	4	2011-04-21.09:15:12	7	427	5
6	2	2011-04-21.09:15:16	7	427	5
10	4	2011-04-21.09:15:21	6	427	5
6	2	2011-04-21.09:15:25	14	427	5
8	4	2011-04-21.09:15:30	12	427	5
8	2	2011-04-21.09:15:35	11	427	5
12	4	2011-04-21.09:15:39	19	427	5
12	4	2011-04-21.09:15:44	17	427	5
8	4	2011-04-21.09:15:48	16	425	5
6	2	2011-04-21.09:15:53	16	425	5
6	2	2011-04-21.09:15:57	14	426	5
14	4	2011-04-21.09:16:02	13	436	5
10	4	2011-04-21.09:16:07	12	427	5
12	4	2011-04-21.09:16:11	11	427	5
6	2	2011-04-21.09:16:16	10	428	5
6	2	2011-04-21.09:16:20	9	428	5
8	4	2011-04-21.09:16:25	9	428	5
10	4	2011-04-21.09:16:29	8	428	5
6	2	2011-04-21.09:16:34	7	428	5
8	4	2011-04-21.09:16:39	7	428	5
10	4	2011-04-21.09:16:43	14	428	5
6	2	2011-04-21.09:16:48	14	426	5
10	4	2011-04-21.09:16:52	13	426	5
6	2	2011-04-21.09:16:57	12	426	5
14	4	2011-04-21.09:17:01	11	436	5
10	4	2011-04-21.09:17:06	10	432	5
10	4	2011-04-21.09:17:11	9	428	5
6	2	2011-04-21.09:17:15	8	428	5
8	4	2011-04-21.09:17:20	8	428	5
8	2	2011-04-21.09:17:24	7	428	5
8	4	2011-04-21.09:17:29	7	428	5
10	4	2011-04-21.09:17:33	6	428	5
6	2	2011-04-21.09:17:38	6	428	5
6	2	2011-04-21.09:17:43	6	428	5
6	2	2011-04-21.09:17:47	5	426	5
10	4	2011-04-21.09:17:52	5	426	5
6	2	2011-04-21.09:17:56	4	426	5
6	2	2011-04-21.09:18:01	4	426	5
18	4	2011-04-21.09:18:05	4	432	5
6	2	2011-04-21.09:18:10	3	428	5
10	4	2011-04-21.09:18:15	3	428	5
6	2	2011-04-21.09:18:19	3	428	5
6	2	2011-04-21.09:18:24	10	428	5
6	2	2011-04-21.09:18:28	10	428	5
8	4	2011-04-21.09:18:33	10	428	5
6	2	2011-04-21.09:18:37	9	428	5
8	4	2011-04-21.09:18:42	16	428	5
8	2	2011-04-21.09:18:47	15	426	5
6	2	2011-04-21.09:18:51	14	426	5
8	2	2011-04-21.09:18:56	12	426	5
8	4	2011-04-21.09:19:00	11	426	5
14	4	2011-04-21.09:19:05	18	432	5
8	2	2011-04-21.09:19:09	17	428	5
6	2	2011-04-21.09:19:14	16	428	5
10	4	2011-04-21.09:19:19	14	428	5
12	4	2011-04-21.09:19:23	13	428	5
12	4	2011-04-21.09:19:28	13	428	5
8	4	2011-04-21.09:19:32	12	428	5
10	4	2011-04-21.09:19:37	11	428	5
8	4	2011-04-21.09:19:41	10	428	5
6	2	2011-04-21.09:19:46	9	426	5
8	4	2011-04-21.09:19:51	9	426	5
6	2	2011-04-21.09:19:55	8	426	5
6	2	2011-04-21.09:20:00	7	426	5
18	4	2011-04-21.09:20:04	7	432	5
10	4	2011-04-21.09:20:09	6	428	5
10	4	2011-04-21.09:20:13	6	428	5
6	2	2011-04-21.09:20:18	5	428	5
8	4	2011-04-21.09:20:23	5	428	5
6	2	2011-04-21.09:20:27	5	428	5
10	4	2011-04-21.09:20:32	4	428	5
6	2	2011-04-21.09:20:36	4	428	5
6	2	2011-04-21.09:20:41	12	428	5
10	4	2011-04-21.09:20:46	19	426	5
6	2	2011-04-21.09:20:50	17	426	5
8	4	2011-04-21.09:20:55	16	426	5
10	4	2011-04-21.09:20:59	14	426	5
14	4	2011-04-21.09:21:04	13	432	5
8	4	2011-04-21.09:21:08	12	428	5
8	4	2011-04-21.09:21:13	12	428	5
6	2	2011-04-21.09:21:18	11	428	5
8	4	2011-04-21.09:21:22	10	428	5
8	2	2011-04-21.09:21:27	9	428	5
8	4	2011-04-21.09:21:31	9	428	5
6	2	2011-04-21.09:21:36	8	428	5
8	2	2011-04-21.09:21:40	7	428	5
8	4	2011-04-21.09:21:45	7	426	5
6	2	2011-04-21.09:21:49	6	426	5
6	2	2011-04-21.09:21:54	6	426	5
6	2	2011-04-21.09:21:59	5	426	5
14	4	2011-04-21.09:22:03	5	432	5
10	4	2011-04-21.09:22:08	5	428	5
8	4	2011-04-21.09:22:12	12	428	5
8	2	2011-04-21.09:22:17	11	428	5
6	2	2011-04-21.09:22:21	10	428	5
6	2	2011-04-21.09:22:26	10	428	5
10	4	2011-04-21.09:22:31	9	428	5
8	4	2011-04-21.09:22:35	8	428	5
6	2	2011-04-21.09:22:40	15	428	5
8	2	2011-04-21.09:22:44	14	428	5
8	4	2011-04-21.09:22:49	13	426	5
8	4	2011-04-21.09:22:53	12	426	5
10	4	2011-04-21.09:22:58	11	426	5
16	4	2011-04-21.09:23:03	11	434	5
6	2	2011-04-21.09:23:07	10	428	5
8	2	2011-04-21.09:23:12	9	428	5
6	2	2011-04-21.09:23:16	8	428	5
6	2	2011-04-21.09:23:21	8	428	5
10	4	2011-04-21.09:23:25	7	428	5
6	2	2011-04-21.09:23:30	6	428	5
8	4	2011-04-21.09:23:35	6	428	5
10	4	2011-04-21.09:23:39	5	428	5
8	2	2011-04-21.09:23:44	13	428	5
6	2	2011-04-21.09:23:48	12	427	5
6	2	2011-04-21.09:23:53	12	426	5
6	2	2011-04-21.09:23:57	11	426	5
12	4	2011-04-21.09:24:02	10	436	5
12	4	2011-04-21.09:24:07	9	428	5
6	2	2011-04-21.09:24:11	8	428	5
8	4	2011-04-21.09:24:16	8	428	5
8	2	2011-04-21.09:24:20	7	428	5
6	2	2011-04-21.09:24:25	7	428	5
8	4	2011-04-21.09:24:29	6	428	5
8	4	2011-04-21.09:24:34	6	428	5
8	4	2011-04-21.09:24:39	5	428	5
6	2	2011-04-21.09:24:43	5	428	5
10	4	2011-04-21.09:24:48	5	426	5
8	4	2011-04-21.09:24:52	12	426	5
6	2	2011-04-21.09:24:57	11	426	5
16	4	2011-04-21.09:25:01	10	436	5
10	4	2011-04-21.09:25:06	9	432	5
6	2	2011-04-21.09:25:11	9	428	5
8	4	2011-04-21.09:25:15	8	428	5
6	2	2011-04-21.09:25:20	7	428	5
6	2	2011-04-21.09:25:24	7	428	5
12	4	2011-04-21.09:25:29	6	428	5
8	4	2011-04-21.09:25:33	14	428	5
8	2	2011-04-21.09:25:38	12	428	5
8	4	2011-04-21.09:25:43	12	428	5
6	2	2011-04-21.09:25:47	11	426	5
8	2	2011-04-21.09:25:52	11	426	5
8	4	2011-04-21.09:25:56	10	426	5
6	2	2011-04-21.09:26:01	9	426	5
18	4	2011-04-21.09:26:05	8	432	5
6	2	2011-04-21.09:26:10	7	428	5
6	2	2011-04-21.09:26:15	7	428	5
10	4	2011-04-21.09:26:19	14	428	5
6	2	2011-04-21.09:26:24	13	428	5
6	2	2011-04-21.09:26:28	12	428	5
6	2	2011-04-21.09:26:33	12	428	5
6	2	2011-04-21.09:26:37	11	428	5
6	2	2011-04-21.09:26:42	10	428	5
10	4	2011-04-21.09:26:47	9	426	5
6	2	2011-04-21.09:26:51	8	426	5
8	4	2011-04-21.09:26:56	8	426	5
8	2	2011-04-21.09:27:00	7	426	5
16	4	2011-04-21.09:27:05	15	432	5
8	2	2011-04-21.09:27:09	13	428	5
6	2	2011-04-21.09:27:14	12	428	5
6	2	2011-04-21.09:27:19	11	428	5
6	2	2011-04-21.09:27:23	10	428	5
10	2	2011-04-21.09:27:28	10	428	5
8	4	2011-04-21.09:27:32	10	428	5
6	2	2011-04-21.09:27:37	17	428	5
8	2	2011-04-21.09:27:41	15	428	5
26	4	2011-04-21.09:27:46	14	426	5
60	6	2011-04-21.09:27:51	21	426	5
8	2	2011-04-21.09:27:55	19	426	5
8	4	2011-04-21.09:28:00	18	426	5
14	4	2011-04-21.09:28:04	16	432	5
12	4	2011-04-21.09:28:09	15	428	5
6	2	2011-04-21.09:28:13	38	428	5
6	2	2011-04-21.09:28:18	38	428	5
10	4	2011-04-21.09:28:23	35	428	5
6	2	2011-04-21.09:28:27	32	428	5
6	2	2011-04-21.09:28:32	29	428	5
8	4	2011-04-21.09:28:36	27	428	5
6	2	2011-04-21.09:28:41	25	428	5
8	4	2011-04-21.09:28:45	23	428	5
10	4	2011-04-21.09:28:50	21	426	5
8	4	2011-04-21.09:28:55	19	426	5
10	4	2011-04-21.09:28:59	18	426	5
16	4	2011-04-21.09:29:04	16	432	5
6	2	2011-04-21.09:29:08	15	428	5
6	2	2011-04-21.09:29:13	15	428	5
6	2	2011-04-21.09:29:17	14	428	5
6	2	2011-04-21.09:29:22	13	428	5
10	4	2011-04-21.09:29:27	12	428	5
6	2	2011-04-21.09:29:31	11	428	5
10	4	2011-04-21.09:29:36	18	428	5
12	4	2011-04-21.09:29:40	16	428	5
8	4	2011-04-21.09:29:45	15	426	5
10	4	2011-04-21.09:29:49	14	426	5
8	4	2011-04-21.09:29:54	13	426	5
6	2	2011-04-21.09:29:59	12	426	5
16	4	2011-04-21.09:30:03	11	432	5
12	4	2011-04-21.09:30:08	11	428	5
6	2	2011-04-21.09:30:12	18	428	5
8	4	2011-04-21.09:30:17	24	428	5
8	2	2011-04-21.09:30:21	22	428	5
8	4	2011-04-21.09:30:26	21	428	5
8	4	2011-04-21.09:30:31	19	428	5
8	4	2011-04-21.09:30:35	17	428	5
8	4	2011-04-21.09:30:40	16	428	5
6	2	2011-04-21.09:30:44	15	428	5
12	4	2011-04-21.09:30:49	13	426	5
6	2	2011-04-21.09:30:53	12	426	5
6	2	2011-04-21.09:30:58	12	426	5
16	4	2011-04-21.09:31:02	11	434	5
8	4	2011-04-21.09:31:07	10	428	5
6	2	2011-04-21.09:31:12	10	428	5
8	4	2011-04-21.09:31:16	9	428	5
8	4	2011-04-21.09:31:21	16	428	5
8	4	2011-04-21.09:31:25	39	428	5
12	4	2011-04-21.09:31:30	36	428	5
6	2	2011-04-21.09:31:34	33	428	5
6	2	2011-04-21.09:31:39	38	428	5
10	4	2011-04-21.09:31:44	35	428	5
6	2	2011-04-21.09:31:48	32	426	5
8	4	2011-04-21.09:31:53	32	426	5
6	2	2011-04-21.09:31:57	30	426	5
14	4	2011-04-21.09:32:02	27	436	5
12	4	2011-04-21.09:32:06	25	428	5
8	2	2011-04-21.09:32:11	23	428	5
8	4	2011-04-21.09:32:16	21	428	5
6	2	2011-04-21.09:32:20	19	428	5
12	4	2011-04-21.09:32:25	34	428	5
14	4	2011-04-21.09:32:29	31	429	5
12	4	2011-04-21.09:32:34	29	429	5
8	4	2011-04-21.09:32:38	34	429	5
8	4	2011-04-21.09:32:43	32	429	5
10	4	2011-04-21.09:32:48	32	427	5
10	4	2011-04-21.09:32:52	29	427	5
8	4	2011-04-21.09:32:57	27	427	5
16	4	2011-04-21.09:33:01	25	437	5
10	4	2011-04-21.09:33:06	22	433	5
8	4	2011-04-21.09:33:10	21	429	5
6	2	2011-04-21.09:33:15	27	429	5
8	4	2011-04-21.09:33:20	25	429	5
6	2	2011-04-21.09:33:24	23	429	5
10	2	2011-04-21.09:33:29	29	429	5
6	2	2011-04-21.09:33:33	27	429	5
8	4	2011-04-21.09:33:38	27	429	5
8	2	2011-04-21.09:33:42	25	429	5
8	4	2011-04-21.09:33:47	22	427	5
8	2	2011-04-21.09:33:52	21	427	5
6	2	2011-04-21.09:33:56	19	428	5
8	4	2011-04-21.09:34:01	25	427	5
14	4	2011-04-21.09:34:05	31	433	5
10	4	2011-04-21.09:34:10	29	429	5
6	2	2011-04-21.09:34:14	27	429	5
6	2	2011-04-21.09:34:19	24	429	5
10	4	2011-04-21.09:34:24	22	429	5
6	2	2011-04-21.09:34:28	21	429	5
6	2	2011-04-21.09:34:33	21	429	5
8	4	2011-04-21.09:34:37	19	429	5
6	2	2011-04-21.09:34:42	17	429	5
10	4	2011-04-21.09:34:46	16	427	5
8	2	2011-04-21.09:34:51	15	427	5
10	4	2011-04-21.09:34:56	13	427	5
8	4	2011-04-21.09:35:00	12	427	5
22	4	2011-04-21.09:35:05	27	433	5
12	4	2011-04-21.09:35:09	25	429	5
8	2	2011-04-21.09:35:14	23	429	5
8	4	2011-04-21.09:35:18	21	429	5
8	4	2011-04-21.09:35:23	19	429	5
10	4	2011-04-21.09:35:28	19	429	5
10	4	2011-04-21.09:35:32	18	429	5
8	4	2011-04-21.09:35:37	16	429	5
6	2	2011-04-21.09:35:41	15	429	5
14	4	2011-04-21.09:35:46	14	428	7
22	6	2011-04-21.09:35:50	21	428	7
12	4	2011-04-21.09:35:55	19	427	7
10	4	2011-04-21.09:36:00	18	427	7
18	6	2011-04-21.09:36:04	16	433	7
10	4	2011-04-21.09:36:09	15	429	7
12	4	2011-04-21.09:36:13	14	429	7
10	4	2011-04-21.09:36:18	14	429	7
10	4	2011-04-21.09:36:22	12	429	7
8	4	2011-04-21.09:36:27	11	429	7
12	4	2011-04-21.09:36:32	10	429	7
12	4	2011-04-21.09:36:36	18	429	7
12	4	2011-04-21.09:36:41	24	431	5
26	8	2011-04-21.09:36:45	22	430	7
16	4	2011-04-21.09:36:50	20	429	5
24	6	2011-04-21.09:36:54	19	430	7
12	4	2011-04-21.09:36:59	17	429	5
16	4	2011-04-21.09:37:04	16	435	5
8	4	2011-04-21.09:37:08	15	429	5
10	4	2011-04-21.09:37:13	15	429	5
8	4	2011-04-21.09:37:17	13	429	5
8	2	2011-04-21.09:37:22	12	429	5
10	4	2011-04-21.09:37:27	11	429	5
10	4	2011-04-21.09:37:31	10	429	5
6	2	2011-04-21.09:37:36	10	429	5
8	4	2011-04-21.09:37:40	9	429	5
8	2	2011-04-21.09:37:45	8	429	5
8	4	2011-04-21.09:37:49	7	427	5
8	4	2011-04-21.09:37:54	7	427	5
8	4	2011-04-21.09:37:59	22	427	5
14	4	2011-04-21.09:38:03	20	433	5
10	4	2011-04-21.09:38:08	20	429	5
10	4	2011-04-21.09:38:12	19	429	5
8	4	2011-04-21.09:38:17	25	429	5
8	4	2011-04-21.09:38:21	23	429	5
10	4	2011-04-21.09:38:26	21	429	5
8	4	2011-04-21.09:38:31	20	429	5
8	2	2011-04-21.09:38:35	18	429	5
8	4	2011-04-21.09:38:40	33	429	5
8	2	2011-04-21.09:38:44	30	429	5
10	4	2011-04-21.09:38:49	27	427	5
10	4	2011-04-21.09:38:53	25	427	5
12	4	2011-04-21.09:38:58	23	427	5
18	4	2011-04-21.09:39:03	23	435	5
16	4	2011-04-21.09:39:07	21	429	5
10	4	2011-04-21.09:39:12	28	429	5
6	2	2011-04-21.09:39:16	25	429	5
8	4	2011-04-21.09:39:21	23	429	5
6	2	2011-04-21.09:39:25	29	429	5
6	2	2011-04-21.09:39:30	27	429	5
10	2	2011-04-21.09:39:35	25	429	5
6	2	2011-04-21.09:39:39	23	429	5
8	4	2011-04-21.09:39:44	21	429	5
10	4	2011-04-21.09:39:48	19	427	5
6	2	2011-04-21.09:39:53	19	427	5
6	2	2011-04-21.09:39:57	18	427	5
16	4	2011-04-21.09:40:02	16	437	5
10	4	2011-04-21.09:40:07	15	429	5
10	4	2011-04-21.09:40:11	14	429	5
6	2	2011-04-21.09:40:16	13	429	5
6	2	2011-04-21.09:40:20	12	429	5
6	2	2011-04-21.09:40:25	11	429	5
8	2	2011-04-21.09:40:29	10	429	5
8	4	2011-04-21.09:40:34	9	429	5
8	4	2011-04-21.09:40:39	8	429	5
6	2	2011-04-21.09:40:43	8	429	5
8	4	2011-04-21.09:40:48	8	428	5
8	2	2011-04-21.09:40:52	7	427	5
6	2	2011-04-21.09:40:57	6	427	5
14	4	2011-04-21.09:41:01	6	437	5
10	4	2011-04-21.09:41:06	5	433	5
10	4	2011-04-21.09:41:11	5	429	5
8	4	2011-04-21.09:41:15	4	429	5
8	4	2011-04-21.09:41:20	4	429	5
6	2	2011-04-21.09:41:24	4	429	5
8	4	2011-04-21.09:41:29	3	429	5
8	2	2011-04-21.09:41:33	3	429	5
8	4	2011-04-21.09:41:38	11	429	5
6	2	2011-04-21.09:41:43	11	429	5
10	4	2011-04-21.09:41:47	10	427	5
6	2	2011-04-21.09:41:52	9	427	5
6	2	2011-04-21.09:41:56	8	427	5
8	4	2011-04-21.09:42:01	8	427	5
14	4	2011-04-21.09:42:05	15	433	5
8	4	2011-04-21.09:42:10	14	429	5
10	4	2011-04-21.09:42:15	13	429	5
6	2	2011-04-21.09:42:19	12	429	5
8	4	2011-04-21.09:42:24	11	429	5
10	4	2011-04-21.09:42:28	10	429	5
6	2	2011-04-21.09:42:33	10	429	5
6	2	2011-04-21.09:42:37	17	429	5
6	2	2011-04-21.09:42:42	16	429	5
6	2	2011-04-21.09:42:47	14	427	5
8	4	2011-04-21.09:42:51	13	427	5
10	4	2011-04-21.09:42:56	12	427	5
8	4	2011-04-21.09:43:00	11	427	5
14	4	2011-04-21.09:43:05	10	434	5
12	4	2011-04-21.09:43:09	17	429	5
6	2	2011-04-21.09:43:14	16	429	5
8	4	2011-04-21.09:43:19	15	429	5
6	2	2011-04-21.09:43:23	13	429	5
8	4	2011-04-21.09:43:28	13	429	5
10	4	2011-04-21.09:43:32	12	429	5
6	2	2011-04-21.09:43:37	11	429	5
6	2	2011-04-21.09:43:41	10	429	5
8	4	2011-04-21.09:43:46	10	427	5
10	4	2011-04-21.09:43:51	9	427	5
6	2	2011-04-21.09:43:55	8	428	5
8	4	2011-04-21.09:44:00	7	427	5
14	4	2011-04-21.09:44:04	23	433	5
8	4	2011-04-21.09:44:09	21	429	5
10	4	2011-04-21.09:44:13	27	429	5
6	2	2011-04-21.09:44:18	25	429	5
8	4	2011-04-21.09:44:23	25	429	5
6	2	2011-04-21.09:44:27	23	429	5
10	4	2011-04-21.09:44:32	21	429	5
6	2	2011-04-21.09:44:36	19	429	5
8	4	2011-04-21.09:44:41	18	429	5
8	4	2011-04-21.09:44:45	24	428	5
8	4	2011-04-21.09:44:50	30	427	5
8	2	2011-04-21.09:44:55	28	427	5
6	2	2011-04-21.09:44:59	26	427	5
16	4	2011-04-21.09:45:04	24	433	5
12	4	2011-04-21.09:45:08	22	429	5
8	4	2011-04-21.09:45:13	22	429	5
8	2	2011-04-21.09:45:17	20	429	5
6	2	2011-04-21.09:45:22	18	429	5
6	2	2011-04-21.09:45:27	17	429	5
12	4	2011-04-21.09:45:31	15	429	5
14	4	2011-04-21.09:45:36	30	430	5
8	4	2011-04-21.09:45:40	28	429	5
6	2	2011-04-21.09:45:45	26	429	5
10	4	2011-04-21.09:45:49	23	427	5
6	2	2011-04-21.09:45:54	22	427	5
8	4	2011-04-21.09:45:59	20	427	5
14	4	2011-04-21.09:46:03	18	435	5
8	4	2011-04-21.09:46:08	18	429	5
6	2	2011-04-21.09:46:12	17	429	5
8	2	2011-04-21.09:46:17	15	429	5
8	4	2011-04-21.09:46:21	14	429	5
6	2	2011-04-21.09:46:26	21	429	5
12	4	2011-04-21.09:46:31	19	429	5
6	2	2011-04-21.09:46:35	18	429	5
8	4	2011-04-21.09:46:40	16	429	5
6	2	2011-04-21.09:46:44	15	429	5
10	4	2011-04-21.09:46:49	14	428	5
10	4	2011-04-21.09:46:53	13	427	5
6	2	2011-04-21.09:46:58	13	427	5
14	4	2011-04-21.09:47:03	20	437	5
10	4	2011-04-21.09:47:07	18	429	5
12	4	2011-04-21.09:47:12	16	429	5
8	4	2011-04-21.09:47:16	15	429	5
6	2	2011-04-21.09:47:21	14	429	5
6	2	2011-04-21.09:47:25	13	429	5
6	2	2011-04-21.09:47:30	12	429	5
8	2	2011-04-21.09:47:35	19	429	5
6	2	2011-04-21.09:47:39	17	429	3
6	2	2011-04-21.09:47:44	24	429	3
6	2	2011-04-21.09:47:48	22	427	3
10	2	2011-04-21.09:47:53	22	427	3
6	2	2011-04-21.09:47:57	20	427	3
14	4	2011-04-21.09:48:02	18	435	3
6	2	2011-04-21.09:48:06	17	429	3
6	2	2011-04-21.09:48:11	16	429	3
8	2	2011-04-21.09:48:16	14	429	3
6	2	2011-04-21.09:48:20	21	429	3
6	2	2011-04-21.09:48:25	35	429	3
8	2	2011-04-21.09:48:29	33	429	3
8	2	2011-04-21.09:48:34	30	429	3
6	2	2011-04-21.09:48:38	28	429	3
6	2	2011-04-21.09:48:43	25	429	3
6	2	2011-04-21.09:48:48	25	427	3
6	2	2011-04-21.09:48:52	23	427	3
10	4	2011-04-21.09:48:57	21	427	3
12	4	2011-04-21.09:49:01	20	437	3
8	2	2011-04-21.09:49:06	26	431	3
10	4	2011-04-21.09:49:10	24	429	3
6	2	2011-04-21.09:49:15	22	429	3
6	2	2011-04-21.09:49:20	20	430	3
6	2	2011-04-21.09:49:24	18	429	3
6	2	2011-04-21.09:49:29	17	429	3
6	2	2011-04-21.09:49:33	16	429	3
8	2	2011-04-21.09:49:38	16	429	3
6	2	2011-04-21.09:49:42	14	429	3
6	2	2011-04-21.09:49:47	13	427	3
10	4	2011-04-21.09:49:52	20	427	3
6	2	2011-04-21.09:49:56	18	427	3
8	4	2011-04-21.09:50:01	17	441	3
16	4	2011-04-21.09:50:05	16	433	3
10	4	2011-04-21.09:50:10	14	430	3
6	2	2011-04-21.09:50:14	13	429	3
14	4	2011-04-21.09:50:19	12	431	3
6	2	2011-04-21.09:50:24	11	431	3
8	2	2011-04-21.09:50:28	11	431	1
6	2	2011-04-21.09:50:32	10	429	1
6	2	2011-04-21.09:50:36	9	430	1
24	8	2011-04-21.09:50:40	9	430	1
4	2	2011-04-21.09:50:44	8	429	1
4	2	2011-04-21.09:50:48	7	427	1
8	2	2011-04-21.09:50:52	7	428	3
22	6	2011-04-21.09:50:57	15	429	4
12	4	2011-04-21.09:51:01	13	438	5
8	4	2011-04-21.09:51:06	12	431	5
4	2	2011-04-21.09:51:11	11	428	5
4	2	2011-04-21.09:51:15	10	428	5
8	2	2011-04-21.09:51:20	10	428	5
6	4	2011-04-21.09:51:24	9	428	5
6	2	2011-04-21.09:51:29	8	428	5
14	4	2011-04-21.09:51:33	7	429	5
18	4	2011-04-21.09:51:38	15	429	5
10	4	2011-04-21.09:51:43	15	428	5
4	2	2011-04-21.09:51:47	13	426	5
6	4	2011-04-21.09:51:52	12	426	5
4	2	2011-04-21.09:51:56	11	426	5
10	4	2011-04-21.09:52:01	10	426	5
14	4	2011-04-21.09:52:05	10	432	6
26	6	2011-04-21.09:52:10	33	430	8
16	4	2011-04-21.09:52:15	30	429	8
12	4	2011-04-21.09:52:19	28	429	11
12	4	2011-04-21.09:52:24	25	429	11
12	4	2011-04-21.09:52:28	23	428	11
12	4	2011-04-21.09:52:33	23	427	11
12	4	2011-04-21.09:52:37	21	427	11
12	4	2011-04-21.09:52:42	20	427	11
12	4	2011-04-21.09:52:47	18	425	11
12	4	2011-04-21.09:52:51	17	425	11
14	4	2011-04-21.09:52:56	23	425	11
10	4	2011-04-21.09:53:00	21	425	11
20	6	2011-04-21.09:53:05	20	431	11
12	4	2011-04-21.09:53:10	18	427	11
12	4	2011-04-21.09:53:14	25	427	11
12	4	2011-04-21.09:53:19	23	427	11
12	4	2011-04-21.09:53:23	29	427	11
10	4	2011-04-21.09:53:28	29	427	11
14	4	2011-04-21.09:53:32	42	427	11
14	4	2011-04-21.09:53:37	39	427	11
12	4	2011-04-21.09:53:42	36	427	11
10	4	2011-04-21.09:53:46	33	425	11
12	4	2011-04-21.09:53:51	30	425	11
12	4	2011-04-21.09:53:55	28	425	11
10	4	2011-04-21.09:54:00	26	425	11
20	6	2011-04-21.09:54:05	24	431	11
10	4	2011-04-21.09:54:09	22	427	11
14	4	2011-04-21.09:54:14	20	427	11
14	4	2011-04-21.09:54:18	18	427	11
12	4	2011-04-21.09:54:23	18	427	11
10	4	2011-04-21.09:54:27	17	428	11
10	4	2011-04-21.09:54:32	15	427	11
12	4	2011-04-21.09:54:37	14	427	11
10	4	2011-04-21.09:54:41	13	427	11
12	4	2011-04-21.09:54:46	12	425	11
10	4	2011-04-21.09:54:50	11	425	11
14	4	2011-04-21.09:54:55	10	425	11
14	4	2011-04-21.09:55:00	9	425	11
20	6	2011-04-21.09:55:04	8	431	11
12	4	2011-04-21.09:55:09	8	427	11
10	4	2011-04-21.09:55:13	7	427	11
12	4	2011-04-21.09:55:18	7	427	11
12	4	2011-04-21.09:55:22	7	427	11
12	4	2011-04-21.09:55:27	6	427	11
12	4	2011-04-21.09:55:32	6	427	11
16	4	2011-04-21.09:55:36	5	427	11
12	4	2011-04-21.09:55:41	5	427	11
12	4	2011-04-21.09:55:45	12	427	11
8	2	2011-04-21.09:55:50	11	425	11
12	4	2011-04-21.09:55:55	10	425	11
10	2	2011-04-21.09:55:59	9	425	11
20	6	2011-04-21.09:56:04	25	433	11
10	4	2011-04-21.09:56:08	31	427	11
10	4	2011-04-21.09:56:13	31	427	11
16	4	2011-04-21.09:56:17	28	427	11
12	4	2011-04-21.09:56:22	42	427	11
12	4	2011-04-21.09:56:27	39	427	11
10	4	2011-04-21.09:56:31	35	427	11
12	4	2011-04-21.09:56:36	41	427	11
12	4	2011-04-21.09:56:40	37	427	11
12	4	2011-04-21.09:56:45	34	427	11
12	4	2011-04-21.09:56:50	31	425	11
14	4	2011-04-21.09:56:54	29	425	11
16	4	2011-04-21.09:56:59	27	425	11
18	6	2011-04-21.09:57:03	24	433	11
12	4	2011-04-21.09:57:08	24	427	11
12	4	2011-04-21.09:57:12	22	427	11
12	4	2011-04-21.09:57:17	21	427	11
10	4	2011-04-21.09:57:22	35	427	11
10	4	2011-04-21.09:57:26	32	427	11
12	4	2011-04-21.09:57:31	30	427	11
14	4	2011-04-21.09:57:35	27	427	11
12	4	2011-04-21.09:57:40	25	427	11
12	4	2011-04-21.09:57:45	31	427	11
12	4	2011-04-21.09:57:49	28	425	11
12	4	2011-04-21.09:57:54	26	425	11
10	4	2011-04-21.09:57:58	24	425	11
20	6	2011-04-21.09:58:03	24	434	11
12	4	2011-04-21.09:58:07	46	427	11
12	4	2011-04-21.09:58:12	42	427	11
14	4	2011-04-21.09:58:17	47	427	11
14	4	2011-04-21.09:58:21	43	427	11
10	4	2011-04-21.09:58:26	40	427	11
10	4	2011-04-21.09:58:30	37	427	11
12	4	2011-04-21.09:58:35	34	427	11
10	4	2011-04-21.09:58:40	31	427	11
10	4	2011-04-21.09:58:44	28	427	11
12	4	2011-04-21.09:58:49	34	425	11
10	4	2011-04-21.09:58:53	39	425	11
18	4	2011-04-21.09:58:58	39	425	11
26	6	2011-04-21.09:59:03	44	433	11
14	4	2011-04-21.09:59:07	41	427	11
16	4	2011-04-21.09:59:12	37	427	11
16	4	2011-04-21.09:59:16	42	427	11
18	4	2011-04-21.09:59:21	47	427	11
12	4	2011-04-21.09:59:25	51	427	11
16	4	2011-04-21.09:59:30	47	427	11
16	4	2011-04-21.09:59:35	43	427	11
16	4	2011-04-21.09:59:39	40	427	11
14	4	2011-04-21.09:59:44	37	427	11
12	4	2011-04-21.09:59:48	34	425	11
12	4	2011-04-21.09:59:53	34	425	11
14	4	2011-04-21.09:59:58	39	425	11
22	6	2011-04-21.10:00:02	36	435	11
12	4	2011-04-21.10:00:07	33	428	11
10	4	2011-04-21.10:00:11	38	428	11
16	4	2011-04-21.10:00:16	35	428	11
14	4	2011-04-21.10:00:20	32	428	11
14	4	2011-04-21.10:00:25	30	428	11
12	4	2011-04-21.10:00:30	27	428	11
10	4	2011-04-21.10:00:34	25	428	11
10	4	2011-04-21.10:00:39	23	429	11
10	4	2011-04-21.10:00:43	21	428	11
12	4	2011-04-21.10:00:48	20	426	11
10	4	2011-04-21.10:00:53	20	426	11
34	6	2011-04-21.10:00:57	18	427	11
24	6	2011-04-21.10:01:02	16	436	11
12	4	2011-04-21.10:01:06	15	428	11
8	2	2011-04-21.10:01:11	14	428	11
12	4	2011-04-21.10:01:15	13	428	11
10	4	2011-04-21.10:01:20	12	428	11
10	4	2011-04-21.10:01:25	11	428	11
10	4	2011-04-21.10:01:29	10	428	11
10	4	2011-04-21.10:01:34	9	428	11
14	4	2011-04-21.10:01:38	8	428	11
14	4	2011-04-21.10:01:43	8	428	11
10	4	2011-04-21.10:01:48	16	426	11
12	4	2011-04-21.10:01:52	14	426	11
12	4	2011-04-21.10:01:57	13	426	11
16	4	2011-04-21.10:02:01	12	436	11
12	4	2011-04-21.10:02:06	11	432	11
32	14	2011-04-21.10:02:10	18	428	11
22	8	2011-04-21.10:02:15	17	427	11
14	4	2011-04-21.10:02:20	15	427	11
16	4	2011-04-21.10:02:24	14	427	11
12	4	2011-04-21.10:02:29	13	427	11
12	4	2011-04-21.10:02:33	20	427	11
14	4	2011-04-21.10:02:38	18	427	11
12	4	2011-04-21.10:02:43	18	427	11
12	4	2011-04-21.10:02:47	17	425	11
10	4	2011-04-21.10:02:52	15	426	11
12	4	2011-04-21.10:02:56	14	425	11
14	4	2011-04-21.10:03:01	13	425	11
22	6	2011-04-21.10:03:06	12	431	11
12	4	2011-04-21.10:03:10	11	427	11
10	4	2011-04-21.10:03:15	18	427	11
12	4	2011-04-21.10:03:19	25	427	11
12	4	2011-04-21.10:03:24	31	427	11
10	4	2011-04-21.10:03:28	28	427	11
12	4	2011-04-21.10:03:33	26	427	11
18	4	2011-04-21.10:03:38	26	427	11
16	4	2011-04-21.10:03:42	24	427	11
14	4	2011-04-21.10:03:47	30	425	11
10	4	2011-04-21.10:03:51	27	425	11
12	4	2011-04-21.10:03:56	25	425	11
12	4	2011-04-21.10:04:01	23	425	11
22	6	2011-04-21.10:04:05	21	431	11
12	4	2011-04-21.10:04:10	20	427	11
12	4	2011-04-21.10:04:14	26	427	11
18	4	2011-04-21.10:04:19	32	427	11
16	4	2011-04-21.10:04:23	37	427	11
14	4	2011-04-21.10:04:28	42	427	11
12	4	2011-04-21.10:04:33	42	427	11
12	4	2011-04-21.10:04:37	39	427	11
12	4	2011-04-21.10:04:42	52	427	11
10	4	2011-04-21.10:04:46	56	425	11
12	4	2011-04-21.10:04:51	51	426	11
16	4	2011-04-21.10:04:56	47	425	11
14	4	2011-04-21.10:05:00	51	425	11
24	6	2011-04-21.10:05:05	47	431	11
12	4	2011-04-21.10:05:09	43	427	11
12	4	2011-04-21.10:05:14	64	427	11
14	4	2011-04-21.10:05:18	59	427	11
14	4	2011-04-21.10:05:23	62	427	11
12	4	2011-04-21.10:05:28	62	428	11
10	4	2011-04-21.10:05:32	57	427	11
10	4	2011-04-21.10:05:37	52	427	11
14	4	2011-04-21.10:05:41	48	427	11
14	4	2011-04-21.10:05:46	52	425	11
10	4	2011-04-21.10:05:51	48	425	11
12	4	2011-04-21.10:05:55	44	425	11
10	4	2011-04-21.10:06:00	41	425	11
20	6	2011-04-21.10:06:04	37	432	11
12	4	2011-04-21.10:06:09	34	427	11
10	4	2011-04-21.10:06:13	32	427	11
14	4	2011-04-21.10:06:18	37	427	11
12	4	2011-04-21.10:06:23	37	427	11
14	4	2011-04-21.10:06:27	34	427	11
12	4	2011-04-21.10:06:32	39	427	11
12	4	2011-04-21.10:06:36	36	427	11
12	4	2011-04-21.10:06:41	57	427	11
12	4	2011-04-21.10:06:46	53	425	11
26	4	2011-04-21.10:06:50	56	425	11
10	4	2011-04-21.10:06:55	60	425	11
14	4	2011-04-21.10:06:59	71	425	11
22	6	2011-04-21.10:07:04	73	432	11
10	4	2011-04-21.10:07:08	75	427	11
12	4	2011-04-21.10:07:13	77	427	11
12	4	2011-04-21.10:07:18	77	427	11
12	4	2011-04-21.10:07:22	79	427	11
28	8	2011-04-21.10:07:27	89	427	11
12	4	2011-04-21.10:07:31	106	427	11
28	8	2011-04-21.10:07:36	105	427	11
14	4	2011-04-21.10:07:41	113	427	11
12	4	2011-04-21.10:07:45	112	425	11
10	4	2011-04-21.10:07:50	111	425	11
10	4	2011-04-21.10:07:54	110	425	11
12	4	2011-04-21.10:07:59	109	425	11
22	6	2011-04-21.10:08:03	108	431	11
14	4	2011-04-21.10:08:08	108	427	11
26	8	2011-04-21.10:08:13	108	427	11
12	4	2011-04-21.10:08:17	107	427	11
14	4	2011-04-21.10:08:22	106	427	11
12	4	2011-04-21.10:08:26	106	427	11
10	4	2011-04-21.10:08:31	97	427	11
12	4	2011-04-21.10:08:36	98	427	11
14	4	2011-04-21.10:08:40	90	427	11
12	4	2011-04-21.10:08:45	83	427	11
12	4	2011-04-21.10:08:49	76	425	11
10	4	2011-04-21.10:08:54	70	425	11
12	4	2011-04-21.10:08:58	72	425	11
22	6	2011-04-21.10:09:03	66	433	11
14	4	2011-04-21.10:09:08	66	427	11
12	4	2011-04-21.10:09:12	61	427	11
12	4	2011-04-21.10:09:17	56	427	11
12	4	2011-04-21.10:09:21	60	427	11
10	4	2011-04-21.10:09:26	63	427	11
8	4	2011-04-21.10:09:31	66	427	11
12	4	2011-04-21.10:09:35	60	427	11
12	4	2011-04-21.10:09:40	56	428	11
14	4	2011-04-21.10:09:44	67	427	11
12	4	2011-04-21.10:09:49	62	425	11
10	4	2011-04-21.10:09:53	57	425	11
12	4	2011-04-21.10:09:58	52	425	11
20	6	2011-04-21.10:10:03	52	433	11
10	4	2011-04-21.10:10:07	48	427	11
12	4	2011-04-21.10:10:12	68	427	11
10	4	2011-04-21.10:10:16	63	427	11
14	4	2011-04-21.10:10:21	58	427	11
12	4	2011-04-21.10:10:26	53	427	11
10	4	2011-04-21.10:10:30	49	427	11
10	4	2011-04-21.10:10:35	45	427	11
12	4	2011-04-21.10:10:39	49	427	11
12	4	2011-04-21.10:10:44	45	427	11
10	4	2011-04-21.10:10:48	42	425	11
12	4	2011-04-21.10:10:53	54	425	11
12	4	2011-04-21.10:10:58	54	425	11
22	6	2011-04-21.10:11:02	50	435	11
14	4	2011-04-21.10:11:07	46	427	11
10	4	2011-04-21.10:11:11	42	427	11
12	4	2011-04-21.10:11:16	39	427	11
10	4	2011-04-21.10:11:21	36	427	11
10	4	2011-04-21.10:11:25	33	427	11
12	4	2011-04-21.10:11:30	30	427	11
12	4	2011-04-21.10:11:34	28	427	11
12	4	2011-04-21.10:11:39	41	427	11
12	4	2011-04-21.10:11:43	38	427	11
12	4	2011-04-21.10:11:48	43	425	11
10	4	2011-04-21.10:11:53	43	425	11
14	4	2011-04-21.10:11:57	40	425	11
18	4	2011-04-21.10:12:02	36	435	11
12	4	2011-04-21.10:12:06	33	429	11
10	4	2011-04-21.10:12:11	31	427	11
10	4	2011-04-21.10:12:16	28	427	11
12	4	2011-04-21.10:12:20	26	427	11
12	4	2011-04-21.10:12:25	24	427	11
14	4	2011-04-21.10:12:29	22	427	11
10	4	2011-04-21.10:12:34	20	427	11
12	4	2011-04-21.10:12:39	27	427	11
12	4	2011-04-21.10:12:43	24	427	11
10	4	2011-04-21.10:12:48	24	425	11
10	4	2011-04-21.10:12:52	22	425	11
12	4	2011-04-21.10:12:57	21	425	11
20	6	2011-04-21.10:13:01	19	435	11
14	4	2011-04-21.10:13:06	17	431	11
10	4	2011-04-21.10:13:11	16	427	11
12	4	2011-04-21.10:13:15	15	427	11
10	4	2011-04-21.10:13:20	13	427	11
10	4	2011-04-21.10:13:24	20	427	11
10	4	2011-04-21.10:13:29	19	427	11
10	4	2011-04-21.10:13:34	17	427	11
12	4	2011-04-21.10:13:38	16	427	11
14	4	2011-04-21.10:13:43	16	427	11
14	4	2011-04-21.10:13:47	14	425	11
14	4	2011-04-21.10:13:52	13	425	11
12	4	2011-04-21.10:13:56	12	425	11
12	4	2011-04-21.10:14:01	11	425	11
20	6	2011-04-21.10:14:06	10	431	11
14	6	2011-04-21.10:14:10	17	427	11
10	4	2011-04-21.10:14:15	16	428	11
12	4	2011-04-21.10:14:19	23	427	11
14	4	2011-04-21.10:14:24	29	427	11
16	6	2011-04-21.10:14:29	27	427	11
12	4	2011-04-21.10:14:33	24	427	11
14	6	2011-04-21.10:14:38	24	427	11
14	6	2011-04-21.10:14:42	22	427	11
10	4	2011-04-21.10:14:47	21	425	11
12	4	2011-04-21.10:14:51	19	425	11
12	4	2011-04-21.10:14:56	17	425	11
16	6	2011-04-21.10:15:01	24	440	11
20	6	2011-04-21.10:15:05	22	431	11
16	6	2011-04-21.10:15:10	20	427	11
12	4	2011-04-21.10:15:14	27	427	11
14	6	2011-04-21.10:15:19	24	427	11
12	4	2011-04-21.10:15:24	22	427	11
10	4	2011-04-21.10:15:28	21	427	11
14	6	2011-04-21.10:15:33	21	427	11
12	4	2011-04-21.10:15:37	35	427	11
16	6	2011-04-21.10:15:42	32	427	11
16	6	2011-04-21.10:15:46	30	425	11
14	4	2011-04-21.10:15:51	27	425	11
12	4	2011-04-21.10:15:56	33	425	11
12	4	2011-04-21.10:16:00	30	425	11
20	6	2011-04-21.10:16:05	28	431	11
14	6	2011-04-21.10:16:09	26	427	11
12	4	2011-04-21.10:16:14	24	427	11
14	6	2011-04-21.10:16:19	22	427	11
14	4	2011-04-21.10:16:23	20	427	11
14	6	2011-04-21.10:16:28	20	427	11
14	6	2011-04-21.10:16:32	18	427	11
12	4	2011-04-21.10:16:37	17	427	11
14	6	2011-04-21.10:16:42	15	427	11
12	4	2011-04-21.10:16:46	14	425	11
10	4	2011-04-21.10:16:51	13	425	11
12	4	2011-04-21.10:16:55	12	425	11
12	6	2011-04-21.10:17:00	11	425	11
22	6	2011-04-21.10:17:04	10	431	11
16	6	2011-04-21.10:17:09	9	427	11
12	4	2011-04-21.10:17:14	8	428	11
14	6	2011-04-21.10:17:18	8	427	11
16	6	2011-04-21.10:17:23	8	427	11
12	4	2011-04-21.10:17:27	7	427	11
10	4	2011-04-21.10:17:32	7	427	11
14	6	2011-04-21.10:17:37	22	427	11
14	6	2011-04-21.10:17:41	20	427	11
12	4	2011-04-21.10:17:46	27	425	11
16	6	2011-04-21.10:17:50	32	425	11
10	4	2011-04-21.10:17:55	30	425	11
12	4	2011-04-21.10:17:59	27	425	11
20	6	2011-04-21.10:18:04	33	431	11
10	4	2011-04-21.10:18:09	55	427	11
12	4	2011-04-21.10:18:13	50	428	11
12	4	2011-04-21.10:18:18	50	427	11
12	4	2011-04-21.10:18:22	46	427	11
14	4	2011-04-21.10:18:27	42	427	11
14	4	2011-04-21.10:18:32	39	427	11
12	4	2011-04-21.10:18:36	36	427	11
14	6	2011-04-21.10:18:41	33	427	11
12	4	2011-04-21.10:18:45	30	425	11
12	6	2011-04-21.10:18:50	28	425	11
12	4	2011-04-21.10:18:55	26	425	11
12	4	2011-04-21.10:18:59	24	425	11
22	6	2011-04-21.10:19:04	30	431	11
14	4	2011-04-21.10:19:08	27	427	11
12	4	2011-04-21.10:19:13	27	427	11
12	4	2011-04-21.10:19:17	33	427	11
14	6	2011-04-21.10:19:22	38	427	11
10	4	2011-04-21.10:19:27	35	427	11
14	6	2011-04-21.10:19:31	32	427	11
12	4	2011-04-21.10:19:36	30	427	11
12	4	2011-04-21.10:19:40	27	427	11
16	6	2011-04-21.10:19:45	25	427	11
16	6	2011-04-21.10:19:50	31	425	11
14	6	2011-04-21.10:19:54	45	425	11
12	4	2011-04-21.10:19:59	41	425	11
26	8	2011-04-21.10:20:03	38	433	11
12	4	2011-04-21.10:20:08	38	427	11
14	6	2011-04-21.10:20:12	43	427	11
12	4	2011-04-21.10:20:17	39	427	11
14	6	2011-04-21.10:20:22	36	427	11
16	6	2011-04-21.10:20:26	33	427	11
12	4	2011-04-21.10:20:31	30	427	11
12	4	2011-04-21.10:20:35	36	427	11
10	4	2011-04-21.10:20:40	33	428	11
14	6	2011-04-21.10:20:45	30	427	11
10	4	2011-04-21.10:20:49	28	425	11
10	4	2011-04-21.10:20:54	26	425	11
12	4	2011-04-21.10:20:58	24	425	11
20	6	2011-04-21.10:21:03	22	433	11
14	4	2011-04-21.10:21:08	22	427	11
14	4	2011-04-21.10:21:12	28	427	11
12	4	2011-04-21.10:21:17	26	427	11
12	4	2011-04-21.10:21:21	24	427	11
10	4	2011-04-21.10:21:26	22	427	11
12	4	2011-04-21.10:21:30	28	427	11
14	6	2011-04-21.10:21:35	26	427	11
20	6	2011-04-21.10:21:40	24	427	11
14	4	2011-04-21.10:21:44	22	427	11
16	6	2011-04-21.10:21:49	20	425	11
12	4	2011-04-21.10:21:53	26	425	11
12	4	2011-04-21.10:21:58	32	425	11
18	6	2011-04-21.10:22:03	32	436	11
12	4	2011-04-21.10:22:07	30	427	11
12	4	2011-04-21.10:22:12	35	427	11
12	4	2011-04-21.10:22:16	32	427	11
10	4	2011-04-21.10:22:21	30	427	11
16	6	2011-04-21.10:22:25	27	427	11
14	4	2011-04-21.10:22:30	25	427	11
10	4	2011-04-21.10:22:35	31	427	11
12	4	2011-04-21.10:22:39	37	427	11
10	4	2011-04-21.10:22:44	42	427	11
12	4	2011-04-21.10:22:48	38	425	11
14	6	2011-04-21.10:22:53	35	425	11
12	4	2011-04-21.10:22:58	35	425	11
20	6	2011-04-21.10:23:02	32	435	11
16	6	2011-04-21.10:23:07	30	433	11
14	4	2011-04-21.10:23:11	27	427	11
12	4	2011-04-21.10:23:16	25	427	11
12	4	2011-04-21.10:23:20	23	427	11
12	4	2011-04-21.10:23:25	29	427	11
8	2	2011-04-21.10:23:30	27	427	11
12	4	2011-04-21.10:23:34	25	427	11
12	4	2011-04-21.10:23:39	23	427	11
12	4	2011-04-21.10:23:43	21	427	11
12	4	2011-04-21.10:23:48	19	425	11
14	4	2011-04-21.10:23:53	19	425	11
12	4	2011-04-21.10:23:57	18	425	11
16	4	2011-04-21.10:24:02	16	435	11
14	4	2011-04-21.10:24:06	15	427	11
10	4	2011-04-21.10:24:11	22	427	11
12	4	2011-04-21.10:24:15	20	427	11
12	4	2011-04-21.10:24:20	26	427	11
12	4	2011-04-21.10:24:25	24	427	11
12	4	2011-04-21.10:24:29	22	427	11
12	4	2011-04-21.10:24:34	28	427	11
10	2	2011-04-21.10:24:38	26	427	11
10	4	2011-04-21.10:24:43	24	427	11
10	4	2011-04-21.10:24:48	24	426	11
12	4	2011-04-21.10:24:52	22	425	11
10	4	2011-04-21.10:24:57	28	425	11
18	4	2011-04-21.10:25:01	26	435	11
14	4	2011-04-21.10:25:06	24	431	11
12	4	2011-04-21.10:25:10	22	427	11
12	4	2011-04-21.10:25:15	20	427	11
12	4	2011-04-21.10:25:20	27	427	11
12	4	2011-04-21.10:25:24	24	427	11
12	4	2011-04-21.10:25:29	22	427	11
18	4	2011-04-21.10:25:33	21	427	11
14	4	2011-04-21.10:25:38	19	427	11
14	4	2011-04-21.10:25:43	19	427	11
14	4	2011-04-21.10:25:47	17	425	11
12	4	2011-04-21.10:25:52	16	425	11
10	4	2011-04-21.10:25:56	15	425	11
12	4	2011-04-21.10:26:01	13	436	11
20	4	2011-04-21.10:26:06	28	431	11
14	4	2011-04-21.10:26:10	26	427	11
16	4	2011-04-21.10:26:15	32	427	11
12	4	2011-04-21.10:26:19	37	427	11
12	4	2011-04-21.10:26:24	50	427	11
14	4	2011-04-21.10:26:28	46	427	11
14	4	2011-04-21.10:26:33	43	427	11
12	4	2011-04-21.10:26:38	43	427	11
12	4	2011-04-21.10:26:42	39	427	11
12	4	2011-04-21.10:26:47	36	425	11
12	4	2011-04-21.10:26:51	33	425	11
8	2	2011-04-21.10:26:56	38	425	11
10	4	2011-04-21.10:27:01	35	425	11
18	4	2011-04-21.10:27:05	32	431	11
12	4	2011-04-21.10:27:10	30	427	11
14	4	2011-04-21.10:27:14	27	427	11
10	4	2011-04-21.10:27:19	25	427	11
12	4	2011-04-21.10:27:23	23	427	11
12	4	2011-04-21.10:27:28	29	427	11
16	4	2011-04-21.10:27:33	29	427	11
14	4	2011-04-21.10:27:37	27	427	11
14	4	2011-04-21.10:27:42	25	427	11
14	4	2011-04-21.10:27:46	31	425	11
16	4	2011-04-21.10:27:51	28	425	11
14	4	2011-04-21.10:27:56	26	425	11
8	2	2011-04-21.10:28:00	24	425	11
16	4	2011-04-21.10:28:05	22	431	11
10	4	2011-04-21.10:28:09	20	427	11
10	4	2011-04-21.10:28:14	18	427	11
12	4	2011-04-21.10:28:18	25	427	11
10	4	2011-04-21.10:28:23	23	427	11
14	4	2011-04-21.10:28:28	23	427	11
12	4	2011-04-21.10:28:32	21	427	11
12	4	2011-04-21.10:28:37	19	427	11
12	4	2011-04-21.10:28:41	18	427	11
12	4	2011-04-21.10:28:46	16	425	11
12	4	2011-04-21.10:28:50	15	425	11
12	4	2011-04-21.10:28:55	14	425	11
12	4	2011-04-21.10:29:00	21	425	11
20	6	2011-04-21.10:29:04	35	431	11
14	4	2011-04-21.10:29:09	32	427	11
14	4	2011-04-21.10:29:13	30	427	11
10	4	2011-04-21.10:29:18	27	427	11
12	4	2011-04-21.10:29:23	27	427	11
12	4	2011-04-21.10:29:27	25	427	11
14	4	2011-04-21.10:29:32	23	427	11
14	4	2011-04-21.10:29:36	37	428	11
10	2	2011-04-21.10:29:41	34	427	11
12	4	2011-04-21.10:29:46	31	425	11
12	4	2011-04-21.10:29:50	29	425	11
14	4	2011-04-21.10:29:55	27	425	10
12	4	2011-04-21.10:29:59	24	425	10
22	6	2011-04-21.10:30:04	22	431	10
14	4	2011-04-21.10:30:08	21	430	5
6	2	2011-04-21.10:30:13	19	427	5
10	4	2011-04-21.10:30:18	19	427	5
8	4	2011-04-21.10:30:22	17	427	5
6	2	2011-04-21.10:30:27	16	427	5
8	2	2011-04-21.10:30:31	15	427	5
10	4	2011-04-21.10:30:36	13	427	5
6	2	2011-04-21.10:30:40	12	427	5
6	2	2011-04-21.10:30:45	11	427	5
10	4	2011-04-21.10:30:50	10	425	5
6	2	2011-04-21.10:30:54	10	425	5
6	2	2011-04-21.10:30:59	9	425	5
16	4	2011-04-21.10:31:03	8	431	5
10	4	2011-04-21.10:31:08	8	427	5
8	4	2011-04-21.10:31:12	23	427	5
12	4	2011-04-21.10:31:17	29	427	5
6	2	2011-04-21.10:31:22	27	427	5
8	4	2011-04-21.10:31:26	25	427	5
10	2	2011-04-21.10:31:31	23	427	5
8	2	2011-04-21.10:31:35	21	427	5
8	4	2011-04-21.10:31:40	19	427	5
12	4	2011-04-21.10:31:44	18	427	5
10	2	2011-04-21.10:31:49	24	425	5
12	4	2011-04-21.10:31:54	22	425	5
6	2	2011-04-21.10:31:58	20	425	5
16	4	2011-04-21.10:32:03	20	433	5
8	4	2011-04-21.10:32:07	19	427	5
6	2	2011-04-21.10:32:12	17	427	5
10	4	2011-04-21.10:32:16	24	427	5
6	2	2011-04-21.10:32:21	30	427	5
6	2	2011-04-21.10:32:26	28	427	5
10	4	2011-04-21.10:32:30	25	427	5
12	4	2011-04-21.10:32:35	23	427	5
8	4	2011-04-21.10:32:39	21	428	5
6	2	2011-04-21.10:32:44	28	427	5
6	2	2011-04-21.10:32:48	25	425	5
8	4	2011-04-21.10:32:53	23	425	5
10	4	2011-04-21.10:32:58	23	425	5
16	4	2011-04-21.10:33:02	21	433	5
12	4	2011-04-21.10:33:07	20	427	5
12	4	2011-04-21.10:33:12	18	428	5
12	4	2011-04-21.10:33:16	17	428	5
10	4	2011-04-21.10:33:21	15	428	5
8	2	2011-04-21.10:33:26	14	428	5
8	2	2011-04-21.10:33:30	21	428	5
6	2	2011-04-21.10:33:35	19	428	5
10	4	2011-04-21.10:33:39	18	428	5
6	2	2011-04-21.10:33:44	16	428	5
8	4	2011-04-21.10:33:48	15	426	5
8	2	2011-04-21.10:33:53	14	426	5
12	4	2011-04-21.10:33:58	14	426	5
14	4	2011-04-21.10:34:02	13	434	5
16	4	2011-04-21.10:34:07	12	431	5
54	2	2011-04-21.10:34:11	19	431	5
52	2	2011-04-21.10:34:16	25	432	5
8	4	2011-04-21.10:34:20	23	428	5
8	4	2011-04-21.10:34:25	21	428	5
8	2	2011-04-21.10:34:30	19	428	5
12	4	2011-04-21.10:34:34	18	428	5
10	4	2011-04-21.10:34:39	16	428	5
6	2	2011-04-21.10:34:43	15	428	5
8	4	2011-04-21.10:34:48	15	426	5
8	4	2011-04-21.10:34:52	22	426	5
6	2	2011-04-21.10:34:57	20	426	5
16	4	2011-04-21.10:35:02	18	436	5
10	4	2011-04-21.10:35:06	17	432	5
8	4	2011-04-21.10:35:11	24	428	5
14	4	2011-04-21.10:35:15	22	428	5
6	2	2011-04-21.10:35:20	20	428	5
6	2	2011-04-21.10:35:24	18	428	5
6	2	2011-04-21.10:35:29	17	428	5
6	2	2011-04-21.10:35:34	23	428	5
8	4	2011-04-21.10:35:38	22	428	5
6	2	2011-04-21.10:35:43	22	428	5
8	4	2011-04-21.10:35:47	20	426	5
10	4	2011-04-21.10:35:52	26	426	5
12	4	2011-04-21.10:35:56	24	426	5
6	2	2011-04-21.10:36:01	22	426	5
14	4	2011-04-21.10:36:06	20	432	5
8	4	2011-04-21.10:36:10	19	428	5
18	4	2011-04-21.10:36:15	25	429	5
14	4	2011-04-21.10:36:19	23	428	5
12	4	2011-04-21.10:36:24	21	428	5
12	4	2011-04-21.10:36:28	20	428	5
10	4	2011-04-21.10:36:33	18	428	5
12	4	2011-04-21.10:36:38	18	428	5
8	4	2011-04-21.10:36:42	16	428	5
8	4	2011-04-21.10:36:47	15	426	5
6	2	2011-04-21.10:36:51	14	426	5
10	4	2011-04-21.10:36:56	13	426	5
8	2	2011-04-21.10:37:00	12	426	5
14	4	2011-04-21.10:37:05	27	432	5
8	4	2011-04-21.10:37:10	33	428	5
8	2	2011-04-21.10:37:14	30	428	5
12	4	2011-04-21.10:37:19	28	428	5
6	2	2011-04-21.10:37:23	25	428	5
8	4	2011-04-21.10:37:28	23	428	5
8	4	2011-04-21.10:37:32	23	428	5
6	2	2011-04-21.10:37:37	21	428	5
8	4	2011-04-21.10:37:42	20	428	5
6	2	2011-04-21.10:37:46	18	426	5
6	2	2011-04-21.10:37:51	17	426	5
12	4	2011-04-21.10:37:55	15	426	5
8	4	2011-04-21.10:38:00	14	426	5
16	4	2011-04-21.10:38:04	13	432	5
8	4	2011-04-21.10:38:09	20	428	5
6	2	2011-04-21.10:38:14	26	428	5
6	2	2011-04-21.10:38:18	24	428	5
8	4	2011-04-21.10:38:23	24	428	5
8	4	2011-04-21.10:38:27	22	428	5
6	2	2011-04-21.10:38:32	20	428	5
14	4	2011-04-21.10:38:36	19	428	5
6	2	2011-04-21.10:38:41	17	428	5
6	2	2011-04-21.10:38:46	16	426	5
6	2	2011-04-21.10:38:50	14	426	5
6	2	2011-04-21.10:38:55	13	426	5
8	4	2011-04-21.10:38:59	12	426	5
14	4	2011-04-21.10:39:04	11	432	5
10	4	2011-04-21.10:39:08	10	428	5
10	4	2011-04-21.10:39:13	17	428	5
12	4	2011-04-21.10:39:18	17	428	5
8	4	2011-04-21.10:39:22	32	428	5
8	4	2011-04-21.10:39:27	37	428	5
8	4	2011-04-21.10:39:31	34	428	5
8	4	2011-04-21.10:39:36	32	428	5
8	4	2011-04-21.10:39:40	29	428	5
8	2	2011-04-21.10:39:45	27	428	5
12	4	2011-04-21.10:39:50	25	426	5
12	4	2011-04-21.10:39:54	23	426	5
10	4	2011-04-21.10:39:59	21	426	5
20	6	2011-04-21.10:40:03	19	434	5
10	4	2011-04-21.10:40:08	19	428	5
10	4	2011-04-21.10:40:12	25	428	5
6	2	2011-04-21.10:40:17	23	428	5
6	2	2011-04-21.10:40:22	22	428	5
8	4	2011-04-21.10:40:26	20	428	5
8	4	2011-04-21.10:40:31	18	428	5
8	2	2011-04-21.10:40:35	17	429	5
10	4	2011-04-21.10:40:40	15	428	5
6	2	2011-04-21.10:40:44	14	428	5
10	4	2011-04-21.10:40:49	13	426	5
10	4	2011-04-21.10:40:54	12	426	5
8	2	2011-04-21.10:40:58	11	426	5
16	4	2011-04-21.10:41:03	11	434	5
10	4	2011-04-21.10:41:07	10	428	5
10	2	2011-04-21.10:41:12	9	429	5
12	4	2011-04-21.10:41:16	8	428	5
10	4	2011-04-21.10:41:21	8	428	5
6	2	2011-04-21.10:41:26	7	428	5
6	2	2011-04-21.10:41:30	14	428	5
6	2	2011-04-21.10:41:35	13	428	5
6	2	2011-04-21.10:41:39	12	428	5
10	4	2011-04-21.10:41:44	11	428	5
8	4	2011-04-21.10:41:48	10	426	5
8	2	2011-04-21.10:41:53	9	426	5
14	4	2011-04-21.10:41:58	9	426	5
18	4	2011-04-21.10:42:02	17	436	5
10	4	2011-04-21.10:42:07	15	428	5
10	4	2011-04-21.10:42:11	14	428	5
6	2	2011-04-21.10:42:16	13	428	5
10	4	2011-04-21.10:42:20	12	428	5
6	2	2011-04-21.10:42:25	11	428	5
8	2	2011-04-21.10:42:30	10	428	5
10	4	2011-04-21.10:42:34	9	428	5
16	4	2011-04-21.10:42:39	8	428	5
6	2	2011-04-21.10:42:43	16	428	5
8	2	2011-04-21.10:42:48	16	426	5
12	4	2011-04-21.10:42:52	22	426	5
10	4	2011-04-21.10:42:57	21	426	5
14	4	2011-04-21.10:43:02	19	436	5
12	4	2011-04-21.10:43:06	17	430	5
6	2	2011-04-21.10:43:11	16	428	5
10	2	2011-04-21.10:43:15	15	428	5
10	4	2011-04-21.10:43:20	13	428	5
8	2	2011-04-21.10:43:24	12	428	5
10	4	2011-04-21.10:43:29	11	428	5
8	2	2011-04-21.10:43:34	18	428	5
6	2	2011-04-21.10:43:38	25	428	5
8	4	2011-04-21.10:43:43	25	428	5
6	2	2011-04-21.10:43:47	23	426	5
6	2	2011-04-21.10:43:52	21	427	5
12	4	2011-04-21.10:43:56	19	426	5
8	2	2011-04-21.10:44:01	18	426	5
14	4	2011-04-21.10:44:06	16	432	5
6	2	2011-04-21.10:44:10	15	428	5
10	4	2011-04-21.10:44:15	14	428	5
8	4	2011-04-21.10:44:19	13	428	5
6	2	2011-04-21.10:44:24	12	428	5
10	4	2011-04-21.10:44:28	11	429	5
6	2	2011-04-21.10:44:33	10	428	5
12	4	2011-04-21.10:44:38	10	428	5
10	4	2011-04-21.10:44:42	17	428	5
6	2	2011-04-21.10:44:47	16	426	5
8	4	2011-04-21.10:44:51	14	426	5
6	2	2011-04-21.10:44:56	13	426	5
6	2	2011-04-21.10:45:00	12	426	5
20	6	2011-04-21.10:45:05	11	433	5
8	4	2011-04-21.10:45:10	10	429	5
8	2	2011-04-21.10:45:14	9	429	5
14	4	2011-04-21.10:45:19	9	429	5
6	2	2011-04-21.10:45:23	16	429	5
6	2	2011-04-21.10:45:28	23	429	5
10	4	2011-04-21.10:45:32	23	430	6
12	4	2011-04-21.10:45:37	21	430	6
12	4	2011-04-21.10:45:42	19	431	6
12	4	2011-04-21.10:45:46	17	428	7
10	4	2011-04-21.10:45:51	16	428	7
12	4	2011-04-21.10:45:55	15	428	7
16	4	2011-04-21.10:46:00	14	428	7
18	4	2011-04-21.10:46:04	12	434	7
14	4	2011-04-21.10:46:09	11	430	7
10	2	2011-04-21.10:46:14	18	430	7
16	4	2011-04-21.10:46:18	25	430	7
16	4	2011-04-21.10:46:23	25	430	7
16	4	2011-04-21.10:46:27	23	430	7
12	4	2011-04-21.10:46:32	29	430	7
16	4	2011-04-21.10:46:37	35	430	7
18	4	2011-04-21.10:46:41	32	432	11
12	4	2011-04-21.10:46:46	37	429	9
12	4	2011-04-21.10:46:50	34	429	7
10	4	2011-04-21.10:46:55	32	428	7
14	4	2011-04-21.10:46:59	29	428	7
20	6	2011-04-21.10:47:04	27	435	7
16	4	2011-04-21.10:47:09	25	432	11
14	4	2011-04-21.10:47:13	22	432	9
14	4	2011-04-21.10:47:18	22	431	7
14	4	2011-04-21.10:47:22	29	430	7
20	4	2011-04-21.10:47:27	26	430	7
16	4	2011-04-21.10:47:31	32	430	7
12	4	2011-04-21.10:47:36	30	430	7
16	4	2011-04-21.10:47:41	27	430	7
12	4	2011-04-21.10:47:45	25	430	7
12	4	2011-04-21.10:47:50	23	428	7
10	4	2011-04-21.10:47:54	21	428	7
24	10	2011-04-21.10:47:59	27	433	11
24	6	2011-04-21.10:48:03	25	439	12
12	4	2011-04-21.10:48:08	23	433	12
10	4	2011-04-21.10:48:13	23	433	12
12	4	2011-04-21.10:48:17	21	433	12
14	4	2011-04-21.10:48:22	28	433	12
16	4	2011-04-21.10:48:26	33	433	9
12	4	2011-04-21.10:48:31	39	434	7
10	4	2011-04-21.10:48:36	36	434	7
18	4	2011-04-21.10:48:40	33	433	7
10	4	2011-04-21.10:48:45	30	431	7
14	4	2011-04-21.10:48:49	28	432	9
10	4	2011-04-21.10:48:54	25	433	9
12	4	2011-04-21.10:48:58	31	431	9
22	6	2011-04-21.10:49:03	37	437	9
14	4	2011-04-21.10:49:08	37	435	13
18	6	2011-04-21.10:49:12	34	437	7
10	4	2011-04-21.10:49:17	31	435	7
26	10	2011-04-21.10:49:21	29	437	10
8	4	2011-04-21.10:49:26	26	437	10
12	4	2011-04-21.10:49:30	24	436	10
12	4	2011-04-21.10:49:35	22	436	10
12	4	2011-04-21.10:49:40	20	436	10
12	4	2011-04-21.10:49:44	19	436	10
12	4	2011-04-21.10:49:49	17	434	10
12	4	2011-04-21.10:49:53	16	434	10
14	4	2011-04-21.10:49:58	14	434	10
26	6	2011-04-21.10:50:03	14	439	10
14	4	2011-04-21.10:50:07	13	433	10
12	4	2011-04-21.10:50:12	12	433	10
12	4	2011-04-21.10:50:16	11	433	10
14	4	2011-04-21.10:50:21	10	433	10
12	4	2011-04-21.10:50:25	9	433	7
16	4	2011-04-21.10:50:30	17	435	5
14	4	2011-04-21.10:50:35	15	435	5
8	2	2011-04-21.10:50:39	14	433	5
12	4	2011-04-21.10:50:44	13	433	5
8	2	2011-04-21.10:50:48	12	431	5
10	4	2011-04-21.10:50:53	11	431	5
12	4	2011-04-21.10:50:57	11	431	5
14	4	2011-04-21.10:51:02	10	441	5
14	4	2011-04-21.10:51:07	9	435	5
10	4	2011-04-21.10:51:11	16	433	5
14	4	2011-04-21.10:51:16	23	435	10
12	4	2011-04-21.10:51:20	21	432	10
16	4	2011-04-21.10:51:25	20	434	5
6	2	2011-04-21.10:51:29	18	430	5
8	4	2011-04-21.10:51:34	16	430	5
8	2	2011-04-21.10:51:39	15	430	5
8	4	2011-04-21.10:51:43	14	430	5
8	4	2011-04-21.10:51:48	14	428	5
10	4	2011-04-21.10:51:52	13	428	5
8	2	2011-04-21.10:51:57	12	428	5
18	4	2011-04-21.10:52:01	19	438	5
12	4	2011-04-21.10:52:06	17	434	5
12	4	2011-04-21.10:52:11	16	430	5
8	4	2011-04-21.10:52:15	15	430	5
10	4	2011-04-21.10:52:20	13	430	5
10	4	2011-04-21.10:52:24	12	430	5
14	4	2011-04-21.10:52:29	11	430	5
8	2	2011-04-21.10:52:33	10	430	5
16	4	2011-04-21.10:52:38	10	432	9
16	4	2011-04-21.10:52:43	10	432	7
12	4	2011-04-21.10:52:47	17	428	7
12	4	2011-04-21.10:52:52	23	429	5
12	4	2011-04-21.10:52:56	21	429	5
14	4	2011-04-21.10:53:01	20	428	5
18	4	2011-04-21.10:53:05	18	434	5
14	4	2011-04-21.10:53:10	17	432	7
10	4	2011-04-21.10:53:15	15	430	7
12	4	2011-04-21.10:53:19	14	430	7
14	4	2011-04-21.10:53:24	13	433	5
8	4	2011-04-21.10:53:28	12	430	5
6	2	2011-04-21.10:53:33	11	430	5
10	4	2011-04-21.10:53:37	11	431	7
10	4	2011-04-21.10:53:42	10	430	5
10	4	2011-04-21.10:53:47	9	428	5
12	4	2011-04-21.10:53:51	40	428	5
8	2	2011-04-21.10:53:56	53	428	5
12	4	2011-04-21.10:54:00	81	428	5
20	4	2011-04-21.10:54:05	90	434	5
12	4	2011-04-21.10:54:09	107	430	5
12	4	2011-04-21.10:54:14	123	430	5
14	4	2011-04-21.10:54:19	137	430	5
12	4	2011-04-21.10:54:23	174	430	5
8	2	2011-04-21.10:54:28	174	430	5
10	4	2011-04-21.10:54:32	176	430	5
12	4	2011-04-21.10:54:37	186	430	5
14	4	2011-04-21.10:54:41	171	430	5
14	4	2011-04-21.10:54:46	189	428	5
10	2	2011-04-21.10:54:51	174	428	5
8	2	2011-04-21.10:54:55	184	428	5
10	4	2011-04-21.10:55:00	185	428	5
22	6	2011-04-21.10:55:04	211	434	5
22	4	2011-04-21.10:55:09	282	430	5
10	4	2011-04-21.10:55:13	283	430	5
12	4	2011-04-21.10:55:18	276	431	6
32	6	2011-04-21.10:55:23	276	433	5
8	4	2011-04-21.10:55:27	262	432	5
14	4	2011-04-21.10:55:32	241	431	7
20	4	2011-04-21.10:55:36	230	430	7
12	4	2011-04-21.10:55:41	211	430	7
14	4	2011-04-21.10:55:46	195	431	7
12	4	2011-04-21.10:55:50	187	430	9
12	4	2011-04-21.10:55:55	172	428	9
14	4	2011-04-21.10:55:59	158	430	7
24	6	2011-04-21.10:56:04	145	436	7
12	4	2011-04-21.10:56:08	134	430	7
10	4	2011-04-21.10:56:13	123	430	7
14	4	2011-04-21.10:56:18	123	430	7
20	10	2011-04-21.10:56:22	113	435	11
12	4	2011-04-21.10:56:27	104	435	12
12	4	2011-04-21.10:56:31	96	433	12
14	4	2011-04-21.10:56:36	88	433	12
12	4	2011-04-21.10:56:40	81	433	9
14	4	2011-04-21.10:56:45	74	431	9
10	4	2011-04-21.10:56:50	68	432	9
12	4	2011-04-21.10:56:54	63	432	9
10	4	2011-04-21.10:56:59	58	432	9
18	6	2011-04-21.10:57:03	69	438	9
10	4	2011-04-21.10:57:08	72	434	9
10	4	2011-04-21.10:57:13	72	434	9
10	4	2011-04-21.10:57:17	66	434	9
12	4	2011-04-21.10:57:22	61	434	9
10	4	2011-04-21.10:57:26	56	434	9
10	4	2011-04-21.10:57:31	51	434	9
12	4	2011-04-21.10:57:35	47	434	9
10	4	2011-04-21.10:57:40	43	435	9
12	4	2011-04-21.10:57:45	48	434	10
14	4	2011-04-21.10:57:49	44	434	12
8	4	2011-04-21.10:57:54	40	433	12
10	4	2011-04-21.10:57:58	37	432	12
22	6	2011-04-21.10:58:03	34	441	15
12	4	2011-04-21.10:58:08	34	434	15
12	4	2011-04-21.10:58:12	47	434	15
14	4	2011-04-21.10:58:17	52	434	15
12	4	2011-04-21.10:58:21	47	434	15
14	6	2011-04-21.10:58:26	52	431	15
16	4	2011-04-21.10:58:30	47	431	15
12	4	2011-04-21.10:58:35	44	431	15
12	4	2011-04-21.10:58:40	48	431	15
12	4	2011-04-21.10:58:44	52	431	15
12	4	2011-04-21.10:58:49	48	430	15
14	6	2011-04-21.10:58:53	44	429	15
14	4	2011-04-21.10:58:58	41	429	15
22	6	2011-04-21.10:59:03	41	437	15
12	4	2011-04-21.10:59:07	37	431	15
12	4	2011-04-21.10:59:12	34	431	15
12	4	2011-04-21.10:59:16	32	431	15
12	4	2011-04-21.10:59:21	29	431	15
12	4	2011-04-21.10:59:26	27	431	15
12	4	2011-04-21.10:59:30	25	431	15
14	4	2011-04-21.10:59:35	23	431	15
16	4	2011-04-21.10:59:39	29	431	15
12	4	2011-04-21.10:59:44	26	431	15
12	4	2011-04-21.10:59:49	24	430	15
12	4	2011-04-21.10:59:53	22	429	15
12	4	2011-04-21.10:59:58	22	429	15
22	6	2011-04-21.11:00:02	20	439	15
20	6	2011-04-21.11:00:07	27	432	15
16	4	2011-04-21.11:00:11	25	432	15
14	4	2011-04-21.11:00:16	23	432	15
12	4	2011-04-21.11:00:21	21	432	15
12	4	2011-04-21.11:00:25	19	432	15
14	4	2011-04-21.11:00:30	18	432	15
14	4	2011-04-21.11:00:34	16	432	15
14	4	2011-04-21.11:00:39	31	432	15
16	4	2011-04-21.11:00:44	36	432	15
12	4	2011-04-21.11:00:48	33	430	15
14	4	2011-04-21.11:00:53	33	433	9
40	8	2011-04-21.11:00:57	31	433	7
18	6	2011-04-21.11:01:02	28	443	6
40	10	2011-04-21.11:01:07	34	438	9
14	4	2011-04-21.11:01:11	31	434	12
10	4	2011-04-21.11:01:16	29	433	12
10	4	2011-04-21.11:01:20	26	432	12
16	6	2011-04-21.11:01:25	24	433	15
12	4	2011-04-21.11:01:29	22	433	15
12	4	2011-04-21.11:01:34	20	432	15
12	4	2011-04-21.11:01:39	19	432	15
12	4	2011-04-21.11:01:43	17	432	15
16	6	2011-04-21.11:01:48	17	430	15
12	4	2011-04-21.11:01:52	32	430	15
12	4	2011-04-21.11:01:57	29	430	15
16	4	2011-04-21.11:02:02	35	440	15
22	8	2011-04-21.11:02:06	32	432	15
34	16	2011-04-21.11:02:11	37	433	15
20	8	2011-04-21.11:02:15	34	431	15
12	4	2011-04-21.11:02:20	32	431	15
18	6	2011-04-21.11:02:25	45	431	15
18	4	2011-04-21.11:02:29	50	431	15
12	4	2011-04-21.11:02:34	45	431	15
12	4	2011-04-21.11:02:38	42	431	15
16	4	2011-04-21.11:02:43	38	431	15
16	4	2011-04-21.11:02:48	38	429	15
12	4	2011-04-21.11:02:52	35	429	15
16	6	2011-04-21.11:02:57	33	429	15
20	6	2011-04-21.11:03:01	30	439	15
24	6	2011-04-21.11:03:06	35	433	15
12	4	2011-04-21.11:03:11	33	431	15
16	4	2011-04-21.11:03:15	30	431	15
14	4	2011-04-21.11:03:20	27	431	15
14	6	2011-04-21.11:03:24	25	431	14
22	6	2011-04-21.11:03:29	23	436	7
12	4	2011-04-21.11:03:34	29	435	5
42	10	2011-04-21.11:03:38	27	433	9
22	6	2011-04-21.11:03:43	27	433	10
16	6	2011-04-21.11:03:47	57	432	12
10	4	2011-04-21.11:03:52	60	429	12
14	4	2011-04-21.11:03:56	79	430	15
20	6	2011-04-21.11:04:01	81	439	15
16	6	2011-04-21.11:04:06	90	435	15
22	6	2011-04-21.11:04:10	99	431	15
12	4	2011-04-21.11:04:15	91	431	15
18	6	2011-04-21.11:04:19	84	431	15
12	4	2011-04-21.11:04:24	77	431	15
12	4	2011-04-21.11:04:29	79	431	15
12	4	2011-04-21.11:04:33	89	431	15
16	4	2011-04-21.11:04:38	89	431	15
16	4	2011-04-21.11:04:42	98	431	15
16	6	2011-04-21.11:04:47	130	429	15
14	4	2011-04-21.11:04:52	143	429	15
12	4	2011-04-21.11:04:56	140	429	15
22	6	2011-04-21.11:05:01	129	429	15
26	6	2011-04-21.11:05:05	118	435	15
16	6	2011-04-21.11:05:10	125	431	15
18	4	2011-04-21.11:05:14	131	431	15
14	4	2011-04-21.11:05:19	128	431	14
16	4	2011-04-21.11:05:24	118	436	7
12	4	2011-04-21.11:05:28	109	435	5
24	6	2011-04-21.11:05:33	109	436	5
6	2	2011-04-21.11:05:37	116	434	6
22	6	2011-04-21.11:05:42	107	433	8
26	8	2011-04-21.11:05:47	98	430	10
16	4	2011-04-21.11:05:51	90	431	12
10	4	2011-04-21.11:05:56	83	430	12
16	4	2011-04-21.11:06:00	84	430	15
20	6	2011-04-21.11:06:05	77	436	15
14	6	2011-04-21.11:06:09	71	431	15
12	4	2011-04-21.11:06:14	74	431	15
12	4	2011-04-21.11:06:19	84	431	15
14	6	2011-04-21.11:06:23	77	431	15
14	4	2011-04-21.11:06:28	71	431	15
10	4	2011-04-21.11:06:32	71	431	15
12	4	2011-04-21.11:06:37	73	431	15
14	6	2011-04-21.11:06:42	67	431	15
20	6	2011-04-21.11:06:46	62	429	15
14	4	2011-04-21.11:06:51	65	429	15
12	4	2011-04-21.11:06:55	68	429	15
14	4	2011-04-21.11:07:00	62	429	15
20	6	2011-04-21.11:07:05	57	436	15
26	6	2011-04-21.11:07:09	69	431	15
12	4	2011-04-21.11:07:14	63	431	15
12	4	2011-04-21.11:07:18	58	431	15
12	4	2011-04-21.11:07:23	61	431	15
12	4	2011-04-21.11:07:28	61	431	15
12	4	2011-04-21.11:07:32	72	431	15
12	4	2011-04-21.11:07:37	75	431	15
12	4	2011-04-21.11:07:41	85	431	15
16	4	2011-04-21.11:07:46	86	429	15
12	4	2011-04-21.11:07:51	87	429	15
10	4	2011-04-21.11:07:55	128	429	15
12	4	2011-04-21.11:08:00	142	429	15
22	6	2011-04-21.11:08:04	130	435	15
12	4	2011-04-21.11:08:09	120	431	15
12	4	2011-04-21.11:08:13	110	431	15
14	4	2011-04-21.11:08:18	110	431	15
14	4	2011-04-21.11:08:23	110	431	15
16	6	2011-04-21.11:08:27	125	431	15
16	6	2011-04-21.11:08:32	131	431	15
16	6	2011-04-21.11:08:36	136	431	15
12	4	2011-04-21.11:08:41	141	431	15
14	4	2011-04-21.11:08:46	146	429	15
12	4	2011-04-21.11:08:50	142	429	15
14	6	2011-04-21.11:08:55	131	429	15
12	4	2011-04-21.11:08:59	120	429	15
20	6	2011-04-21.11:09:04	111	435	15
14	4	2011-04-21.11:09:09	110	431	15
12	4	2011-04-21.11:09:13	101	431	15
12	4	2011-04-21.11:09:18	101	431	15
16	6	2011-04-21.11:09:22	93	431	15
12	4	2011-04-21.11:09:27	93	431	15
12	4	2011-04-21.11:09:32	86	431	15
12	4	2011-04-21.11:09:36	79	431	15
12	4	2011-04-21.11:09:41	73	431	15
14	4	2011-04-21.11:09:45	67	431	15
14	4	2011-04-21.11:09:50	69	429	15
12	4	2011-04-21.11:09:55	64	429	15
12	4	2011-04-21.11:09:59	59	429	15
22	6	2011-04-21.11:10:04	54	435	15
14	4	2011-04-21.11:10:08	66	431	15
14	4	2011-04-21.11:10:13	60	431	15
14	4	2011-04-21.11:10:17	60	431	15
16	4	2011-04-21.11:10:22	56	431	15
16	4	2011-04-21.11:10:27	51	431	15
14	4	2011-04-21.11:10:31	47	431	15
16	6	2011-04-21.11:10:36	43	431	15
14	4	2011-04-21.11:10:40	40	431	15
14	4	2011-04-21.11:10:45	52	429	15
14	4	2011-04-21.11:10:50	48	429	15
14	4	2011-04-21.11:10:54	60	429	15
12	4	2011-04-21.11:10:59	56	429	15
24	6	2011-04-21.11:11:03	51	435	15
16	4	2011-04-21.11:11:08	47	431	15
14	4	2011-04-21.11:11:13	47	431	15
12	4	2011-04-21.11:11:17	43	431	15
16	4	2011-04-21.11:11:22	40	431	15
12	4	2011-04-21.11:11:26	36	431	15
16	4	2011-04-21.11:11:31	34	431	15
12	4	2011-04-21.11:11:35	31	431	15
14	4	2011-04-21.11:11:40	36	431	15
14	4	2011-04-21.11:11:45	33	431	15
18	4	2011-04-21.11:11:49	31	429	15
10	4	2011-04-21.11:11:54	28	429	15
12	4	2011-04-21.11:11:58	26	429	15
22	6	2011-04-21.11:12:03	24	435	15
18	6	2011-04-21.11:12:08	24	431	15
16	6	2011-04-21.11:12:12	22	431	15
12	4	2011-04-21.11:12:17	20	431	15
12	4	2011-04-21.11:12:21	18	431	15
14	4	2011-04-21.11:12:26	25	431	15
18	6	2011-04-21.11:12:31	23	431	15
12	4	2011-04-21.11:12:35	21	431	15
16	6	2011-04-21.11:12:40	27	431	15
14	6	2011-04-21.11:12:44	25	431	15
16	6	2011-04-21.11:12:49	23	429	15
10	4	2011-04-21.11:12:54	21	430	15
16	6	2011-04-21.11:12:58	28	429	15
22	6	2011-04-21.11:13:03	28	437	15
14	4	2011-04-21.11:13:07	33	432	15
18	4	2011-04-21.11:13:12	31	432	15
12	4	2011-04-21.11:13:16	36	432	15
16	6	2011-04-21.11:13:21	33	432	15
12	4	2011-04-21.11:13:26	31	432	15
16	4	2011-04-21.11:13:30	36	432	15
14	4	2011-04-21.11:13:35	49	432	15
18	6	2011-04-21.11:13:39	53	432	15
12	4	2011-04-21.11:13:44	49	432	15
14	4	2011-04-21.11:13:49	61	430	15
14	4	2011-04-21.11:13:53	56	430	15
16	6	2011-04-21.11:13:58	56	430	15
22	6	2011-04-21.11:14:02	60	440	15
20	6	2011-04-21.11:14:07	63	432	15
22	6	2011-04-21.11:14:12	66	432	15
14	4	2011-04-21.11:14:16	77	432	15
12	4	2011-04-21.11:14:21	86	432	15
16	6	2011-04-21.11:14:25	79	432	15
18	6	2011-04-21.11:14:30	73	432	15
16	4	2011-04-21.11:14:35	67	432	15
12	4	2011-04-21.11:14:39	70	432	15
12	4	2011-04-21.11:14:44	64	432	15
20	6	2011-04-21.11:14:48	59	430	15
14	4	2011-04-21.11:14:53	62	430	15
16	4	2011-04-21.11:14:57	62	430	15
24	6	2011-04-21.11:15:02	65	440	15
12	4	2011-04-21.11:15:07	60	432	15
14	4	2011-04-21.11:15:11	55	432	15
14	4	2011-04-21.11:15:16	51	432	15
18	6	2011-04-21.11:15:20	55	432	15
16	6	2011-04-21.11:15:25	50	432	15
14	4	2011-04-21.11:15:30	54	432	15
20	6	2011-04-21.11:15:34	58	432	15
12	4	2011-04-21.11:15:39	53	432	15
14	4	2011-04-21.11:15:43	49	432	15
14	4	2011-04-21.11:15:48	45	430	15
14	4	2011-04-21.11:15:53	45	430	15
16	4	2011-04-21.11:15:57	49	430	15
20	6	2011-04-21.11:16:02	45	440	15
14	4	2011-04-21.11:16:06	42	436	15
14	6	2011-04-21.11:16:11	38	432	15
14	6	2011-04-21.11:16:16	35	432	15
12	4	2011-04-21.11:16:20	40	432	15
14	6	2011-04-21.11:16:25	37	432	15
22	6	2011-04-21.11:16:29	34	432	15
12	4	2011-04-21.11:16:34	39	432	15
16	4	2011-04-21.11:16:39	36	432	15
16	4	2011-04-21.11:16:43	33	432	15
16	4	2011-04-21.11:16:48	33	430	15
12	4	2011-04-21.11:16:52	31	430	15
16	6	2011-04-21.11:16:57	28	430	15
20	6	2011-04-21.11:17:01	26	440	15
22	6	2011-04-21.11:17:06	40	432	15
16	4	2011-04-21.11:17:11	37	432	15
12	4	2011-04-21.11:17:15	34	432	15
12	4	2011-04-21.11:17:20	31	432	15
12	4	2011-04-21.11:17:24	28	432	15
12	4	2011-04-21.11:17:29	26	432	15
10	4	2011-04-21.11:17:34	24	432	15
10	4	2011-04-21.11:17:38	22	433	12
10	4	2011-04-21.11:17:43	22	432	12
12	4	2011-04-21.11:17:47	20	430	12
12	4	2011-04-21.11:17:52	35	430	12
12	4	2011-04-21.11:17:57	40	431	15
18	4	2011-04-21.11:18:01	37	441	15
12	4	2011-04-21.11:18:06	34	436	15
14	6	2011-04-21.11:18:10	39	432	15
12	4	2011-04-21.11:18:15	44	432	15
10	4	2011-04-21.11:18:19	48	432	15
12	4	2011-04-21.11:18:24	52	432	15
12	4	2011-04-21.11:18:29	72	432	15
14	4	2011-04-21.11:18:33	74	432	15
12	4	2011-04-21.11:18:38	84	432	15
10	4	2011-04-21.11:18:42	84	432	15
12	4	2011-04-21.11:18:47	86	429	15
12	4	2011-04-21.11:18:52	111	429	15
10	4	2011-04-21.11:18:56	118	429	15
16	6	2011-04-21.11:19:01	108	441	15
16	4	2011-04-21.11:19:05	124	435	15
14	4	2011-04-21.11:19:10	122	431	15
12	4	2011-04-21.11:19:15	136	431	15
12	4	2011-04-21.11:19:19	133	431	15
12	4	2011-04-21.11:19:24	139	431	15
12	4	2011-04-21.11:19:28	127	431	15
12	4	2011-04-21.11:19:33	117	431	15
10	4	2011-04-21.11:19:38	117	431	15
12	4	2011-04-21.11:19:42	108	432	15
12	4	2011-04-21.11:19:47	99	429	15
16	6	2011-04-21.11:19:51	91	429	15
10	4	2011-04-21.11:19:56	84	429	15
12	4	2011-04-21.11:20:00	77	429	15
22	6	2011-04-21.11:20:05	71	435	15
14	4	2011-04-21.11:20:10	65	431	15
14	4	2011-04-21.11:20:14	76	431	14
12	4	2011-04-21.11:20:19	70	431	14
16	4	2011-04-21.11:20:23	64	434	9
14	4	2011-04-21.11:20:28	59	434	9
12	4	2011-04-21.11:20:33	59	431	9
10	4	2011-04-21.11:20:37	54	431	9
12	4	2011-04-21.11:20:42	50	431	9
10	4	2011-04-21.11:20:46	46	429	9
10	4	2011-04-21.11:20:51	42	429	9
10	4	2011-04-21.11:20:55	39	429	9
10	4	2011-04-21.11:21:00	36	429	9
20	6	2011-04-21.11:21:05	33	435	9
12	4	2011-04-21.11:21:09	46	431	9
12	4	2011-04-21.11:21:14	42	431	9
8	4	2011-04-21.11:21:18	39	431	9
8	4	2011-04-21.11:21:23	36	431	9
10	4	2011-04-21.11:21:28	36	431	9
10	4	2011-04-21.11:21:32	33	431	9
6	2	2011-04-21.11:21:37	30	431	9
10	4	2011-04-21.11:21:41	28	431	9
10	4	2011-04-21.11:21:46	26	429	9
10	4	2011-04-21.11:21:50	24	429	9
14	4	2011-04-21.11:21:55	30	429	9
10	4	2011-04-21.11:22:00	27	429	9
18	6	2011-04-21.11:22:04	25	435	9
34	2	2011-04-21.11:22:09	31	434	9
24	4	2011-04-21.11:22:13	29	431	9
8	4	2011-04-21.11:22:18	26	431	9
10	4	2011-04-21.11:22:22	26	431	9
12	4	2011-04-21.11:22:27	24	431	9
12	4	2011-04-21.11:22:32	22	431	9
10	4	2011-04-21.11:22:36	20	431	9
8	4	2011-04-21.11:22:41	19	431	9
10	4	2011-04-21.11:22:45	17	429	9
6	2	2011-04-21.11:22:50	16	429	9
10	4	2011-04-21.11:22:54	14	429	9
10	4	2011-04-21.11:22:59	13	429	9
16	4	2011-04-21.11:23:04	12	435	9
10	4	2011-04-21.11:23:08	11	431	9
12	4	2011-04-21.11:23:13	11	431	9
14	4	2011-04-21.11:23:17	18	431	9
10	4	2011-04-21.11:23:22	17	431	9
8	2	2011-04-21.11:23:27	15	431	9
12	4	2011-04-21.11:23:31	14	431	9
8	4	2011-04-21.11:23:36	13	431	9
10	4	2011-04-21.11:23:40	12	431	9
10	4	2011-04-21.11:23:45	11	431	9
10	4	2011-04-21.11:23:49	10	429	9
12	4	2011-04-21.11:23:54	9	429	9
12	4	2011-04-21.11:23:59	8	429	9
20	6	2011-04-21.11:24:03	8	436	9
10	4	2011-04-21.11:24:08	8	431	9
10	4	2011-04-21.11:24:12	7	431	9
8	4	2011-04-21.11:24:17	7	431	9
8	4	2011-04-21.11:24:21	6	431	9
12	4	2011-04-21.11:24:26	6	431	9
22	4	2011-04-21.11:24:31	13	431	9
12	4	2011-04-21.11:24:35	20	431	9
12	4	2011-04-21.11:24:40	26	431	9
12	4	2011-04-21.11:24:44	24	431	9
10	4	2011-04-21.11:24:49	22	429	9
10	4	2011-04-21.11:24:53	20	429	9
10	4	2011-04-21.11:24:58	19	429	9
18	6	2011-04-21.11:25:03	19	439	9
10	4	2011-04-21.11:25:07	17	431	9
8	4	2011-04-21.11:25:12	16	431	9
14	4	2011-04-21.11:25:16	15	431	9
10	4	2011-04-21.11:25:21	13	431	9
10	4	2011-04-21.11:25:26	12	430	9
12	4	2011-04-21.11:25:30	11	431	9
10	4	2011-04-21.11:25:35	10	431	9
12	4	2011-04-21.11:25:39	10	431	9
