24	6	2011-04-27.09:00:01	11	427	1
33	6	2011-04-27.09:00:05	11	433	1
21	6	2011-04-27.09:00:09	10	429	1
24	6	2011-04-27.09:00:13	10	429	1
21	6	2011-04-27.09:00:17	9	429	1
21	6	2011-04-27.09:00:21	8	429	1
21	6	2011-04-27.09:00:25	8	429	1
21	6	2011-04-27.09:00:29	7	429	1
21	6	2011-04-27.09:00:33	7	429	1
21	6	2011-04-27.09:00:37	6	429	1
24	6	2011-04-27.09:00:41	14	429	1
21	6	2011-04-27.09:00:46	12	427	1
21	6	2011-04-27.09:00:50	12	427	1
24	6	2011-04-27.09:00:54	11	427	1
21	6	2011-04-27.09:00:58	19	427	1
33	9	2011-04-27.09:01:02	17	435	1
21	6	2011-04-27.09:01:06	16	433	1
21	6	2011-04-27.09:01:10	16	429	1
21	6	2011-04-27.09:01:14	14	429	1
21	6	2011-04-27.09:01:18	13	429	1
24	6	2011-04-27.09:01:22	12	429	1
18	3	2011-04-27.09:01:26	11	430	1
21	6	2011-04-27.09:01:30	11	429	1
24	6	2011-04-27.09:01:34	10	429	1
21	6	2011-04-27.09:01:38	9	429	1
21	6	2011-04-27.09:01:42	9	429	1
21	6	2011-04-27.09:01:46	8	427	1
21	6	2011-04-27.09:01:50	7	427	1
21	6	2011-04-27.09:01:55	7	427	1
21	6	2011-04-27.09:01:59	15	427	1
33	6	2011-04-27.09:02:03	13	435	1
21	6	2011-04-27.09:02:07	12	429	1
24	6	2011-04-27.09:02:11	11	429	1
24	6	2011-04-27.09:02:15	11	429	1
21	6	2011-04-27.09:02:19	10	429	1
21	6	2011-04-27.09:02:23	10	429	1
21	6	2011-04-27.09:02:27	9	429	1
21	6	2011-04-27.09:02:31	8	429	1
21	6	2011-04-27.09:02:35	8	429	1
21	6	2011-04-27.09:02:39	7	429	1
24	6	2011-04-27.09:02:43	7	429	1
21	6	2011-04-27.09:02:47	6	427	1
21	6	2011-04-27.09:02:51	6	427	1
24	6	2011-04-27.09:02:55	5	427	1
21	6	2011-04-27.09:03:00	5	427	1
30	6	2011-04-27.09:03:04	5	433	1
21	6	2011-04-27.09:03:08	4	429	1
21	6	2011-04-27.09:03:12	12	429	1
21	6	2011-04-27.09:03:16	11	429	1
21	6	2011-04-27.09:03:20	11	429	1
24	6	2011-04-27.09:03:24	18	429	1
21	6	2011-04-27.09:03:28	17	429	1
21	6	2011-04-27.09:03:32	15	429	1
24	6	2011-04-27.09:03:36	14	429	1
21	6	2011-04-27.09:03:40	14	429	1
21	6	2011-04-27.09:03:44	13	429	1
18	3	2011-04-27.09:03:48	12	427	1
18	3	2011-04-27.09:03:52	27	427	1
21	6	2011-04-27.09:03:56	25	427	1
21	6	2011-04-27.09:04:00	23	427	1
33	6	2011-04-27.09:04:05	23	433	1
21	6	2011-04-27.09:04:09	21	429	1
21	6	2011-04-27.09:04:13	19	429	1
24	6	2011-04-27.09:04:17	18	429	1
21	6	2011-04-27.09:04:21	24	429	1
21	6	2011-04-27.09:04:25	24	429	1
21	6	2011-04-27.09:04:29	22	429	1
21	6	2011-04-27.09:04:33	20	429	1
21	6	2011-04-27.09:04:37	19	429	1
21	6	2011-04-27.09:04:41	17	429	1
24	6	2011-04-27.09:04:45	17	427	1
21	6	2011-04-27.09:04:49	16	427	1
21	6	2011-04-27.09:04:53	14	427	1
21	6	2011-04-27.09:04:57	13	427	1
30	6	2011-04-27.09:05:01	12	435	1
21	6	2011-04-27.09:05:05	11	433	1
21	6	2011-04-27.09:05:10	11	429	1
21	6	2011-04-27.09:05:14	10	429	1
21	6	2011-04-27.09:05:18	9	429	1
18	6	2011-04-27.09:05:22	9	429	1
24	6	2011-04-27.09:05:26	8	429	1
21	6	2011-04-27.09:05:30	8	429	1
24	6	2011-04-27.09:05:34	7	429	1
21	6	2011-04-27.09:05:38	7	429	1
18	6	2011-04-27.09:05:42	6	429	1
21	6	2011-04-27.09:05:46	22	427	1
21	6	2011-04-27.09:05:50	22	427	1
21	6	2011-04-27.09:05:54	20	427	1
18	6	2011-04-27.09:05:58	18	427	1
27	6	2011-04-27.09:06:02	17	435	1
24	6	2011-04-27.09:06:06	15	429	1
18	3	2011-04-27.09:06:10	14	430	1
24	6	2011-04-27.09:06:15	14	429	1
21	6	2011-04-27.09:06:19	21	429	1
21	6	2011-04-27.09:06:23	19	429	1
21	6	2011-04-27.09:06:27	18	429	1
21	6	2011-04-27.09:06:31	16	429	1
21	6	2011-04-27.09:06:35	16	429	1
21	6	2011-04-27.09:06:39	15	429	1
24	6	2011-04-27.09:06:43	14	429	1
21	6	2011-04-27.09:06:47	13	427	1
21	6	2011-04-27.09:06:51	12	427	1
21	6	2011-04-27.09:06:55	12	427	1
21	6	2011-04-27.09:06:59	11	427	1
30	6	2011-04-27.09:07:03	10	433	1
21	6	2011-04-27.09:07:07	9	429	1
21	6	2011-04-27.09:07:11	8	429	1
21	6	2011-04-27.09:07:15	8	429	1
21	6	2011-04-27.09:07:19	8	429	1
24	6	2011-04-27.09:07:24	7	429	1
21	6	2011-04-27.09:07:28	6	429	1
21	6	2011-04-27.09:07:32	6	429	1
24	6	2011-04-27.09:07:36	5	429	1
21	6	2011-04-27.09:07:40	5	429	1
21	6	2011-04-27.09:07:44	5	429	1
21	6	2011-04-27.09:07:48	4	427	1
21	6	2011-04-27.09:07:52	4	427	1
21	6	2011-04-27.09:07:56	4	427	1
18	3	2011-04-27.09:08:00	4	428	1
36	6	2011-04-27.09:08:04	3	433	1
21	6	2011-04-27.09:08:08	11	429	1
21	6	2011-04-27.09:08:12	10	429	1
24	6	2011-04-27.09:08:16	9	429	1
21	6	2011-04-27.09:08:20	9	429	1
21	6	2011-04-27.09:08:24	9	429	1
21	6	2011-04-27.09:08:29	8	429	1
21	6	2011-04-27.09:08:33	7	429	1
21	6	2011-04-27.09:08:37	7	429	1
21	6	2011-04-27.09:08:41	6	429	1
24	6	2011-04-27.09:08:45	6	429	1
18	3	2011-04-27.09:08:49	6	427	1
21	6	2011-04-27.09:08:53	5	427	1
24	6	2011-04-27.09:08:57	5	427	1
21	6	2011-04-27.09:09:01	4	427	1
33	9	2011-04-27.09:09:05	4	433	1
21	6	2011-04-27.09:09:09	4	429	1
15	3	2011-04-27.09:09:13	4	429	1
21	6	2011-04-27.09:09:17	3	429	1
21	6	2011-04-27.09:09:21	3	429	1
24	6	2011-04-27.09:09:25	3	429	1
21	6	2011-04-27.09:09:29	3	429	1
18	6	2011-04-27.09:09:34	2	429	1
24	6	2011-04-27.09:09:38	2	429	1
18	6	2011-04-27.09:09:42	2	429	1
21	6	2011-04-27.09:09:46	2	427	1
18	3	2011-04-27.09:09:50	2	427	1
21	6	2011-04-27.09:09:54	2	427	1
18	6	2011-04-27.09:09:58	2	427	1
33	6	2011-04-27.09:10:02	9	435	1
24	6	2011-04-27.09:10:06	9	433	1
21	6	2011-04-27.09:10:10	9	429	1
18	6	2011-04-27.09:10:14	8	429	1
24	6	2011-04-27.09:10:18	15	429	1
21	6	2011-04-27.09:10:22	14	429	1
21	6	2011-04-27.09:10:26	13	429	1
21	6	2011-04-27.09:10:30	12	429	1
21	6	2011-04-27.09:10:34	12	429	1
21	6	2011-04-27.09:10:39	11	429	1
21	6	2011-04-27.09:10:43	10	429	1
21	3	2011-04-27.09:10:47	9	427	1
21	6	2011-04-27.09:10:51	8	427	1
21	6	2011-04-27.09:10:55	8	427	1
24	6	2011-04-27.09:10:59	8	427	1
39	6	2011-04-27.09:11:03	7	433	1
21	6	2011-04-27.09:11:07	6	429	1
24	6	2011-04-27.09:11:11	6	429	1
21	6	2011-04-27.09:11:15	6	429	1
21	6	2011-04-27.09:11:19	5	429	1
21	6	2011-04-27.09:11:23	5	429	1
24	6	2011-04-27.09:11:27	5	429	1
21	6	2011-04-27.09:11:31	4	429	1
21	6	2011-04-27.09:11:35	4	430	1
24	6	2011-04-27.09:11:39	4	429	1
21	6	2011-04-27.09:11:44	4	429	1
21	6	2011-04-27.09:11:48	3	427	1
24	6	2011-04-27.09:11:52	11	427	1
21	6	2011-04-27.09:11:56	10	427	1
21	6	2011-04-27.09:12:00	10	427	1
30	6	2011-04-27.09:12:04	9	433	1
24	6	2011-04-27.09:12:08	8	429	1
18	3	2011-04-27.09:12:12	8	430	1
24	6	2011-04-27.09:12:16	7	429	1
18	3	2011-04-27.09:12:20	7	429	1
21	6	2011-04-27.09:12:24	7	429	1
21	6	2011-04-27.09:12:28	14	429	1
24	6	2011-04-27.09:12:32	21	429	1
21	6	2011-04-27.09:12:36	19	429	1
18	6	2011-04-27.09:12:40	18	429	1
21	6	2011-04-27.09:12:44	18	429	1
24	6	2011-04-27.09:12:49	16	427	1
21	6	2011-04-27.09:12:53	15	427	1
24	6	2011-04-27.09:12:57	14	427	1
21	6	2011-04-27.09:13:01	13	427	1
30	6	2011-04-27.09:13:05	13	433	1
21	6	2011-04-27.09:13:09	12	429	1
21	6	2011-04-27.09:13:13	19	429	1
21	6	2011-04-27.09:13:17	17	429	1
21	6	2011-04-27.09:13:21	16	429	1
21	6	2011-04-27.09:13:25	16	429	1
24	6	2011-04-27.09:13:29	30	429	1
21	6	2011-04-27.09:13:33	44	429	1
24	6	2011-04-27.09:13:37	56	429	1
21	6	2011-04-27.09:13:41	60	429	1
21	6	2011-04-27.09:13:45	63	427	1
21	6	2011-04-27.09:13:49	63	427	1
21	6	2011-04-27.09:13:54	66	427	1
18	3	2011-04-27.09:13:58	77	427	1
27	6	2011-04-27.09:14:02	87	435	1
24	6	2011-04-27.09:14:06	88	433	1
21	6	2011-04-27.09:14:10	88	429	1
21	6	2011-04-27.09:14:14	97	429	1
24	6	2011-04-27.09:14:18	97	429	1
21	6	2011-04-27.09:14:22	105	429	1
21	6	2011-04-27.09:14:26	105	429	1
21	6	2011-04-27.09:14:30	105	429	1
21	6	2011-04-27.09:14:34	104	429	1
18	3	2011-04-27.09:14:38	104	429	1
21	6	2011-04-27.09:14:42	112	429	1
24	6	2011-04-27.09:14:46	111	427	1
21	6	2011-04-27.09:14:50	110	427	1
18	6	2011-04-27.09:14:54	110	427	1
24	6	2011-04-27.09:14:59	109	427	1
33	6	2011-04-27.09:15:03	108	435	1
21	6	2011-04-27.09:15:07	108	429	1
21	6	2011-04-27.09:15:11	107	429	1
18	3	2011-04-27.09:15:15	107	429	1
18	6	2011-04-27.09:15:19	106	429	1
21	6	2011-04-27.09:15:23	106	429	1
24	6	2011-04-27.09:15:27	105	429	1
21	6	2011-04-27.09:15:31	105	429	1
21	6	2011-04-27.09:15:35	105	429	1
24	6	2011-04-27.09:15:39	112	429	1
21	6	2011-04-27.09:15:43	111	429	1
21	6	2011-04-27.09:15:47	110	427	1
24	6	2011-04-27.09:15:51	110	427	1
21	6	2011-04-27.09:15:55	109	427	1
21	6	2011-04-27.09:15:59	109	427	1
30	6	2011-04-27.09:16:03	108	433	1
24	6	2011-04-27.09:16:08	107	429	1
21	6	2011-04-27.09:16:12	99	429	1
21	6	2011-04-27.09:16:16	99	429	1
24	6	2011-04-27.09:16:20	99	429	1
21	6	2011-04-27.09:16:24	99	429	1
21	6	2011-04-27.09:16:28	99	429	1
21	6	2011-04-27.09:16:32	99	429	1
21	6	2011-04-27.09:16:36	107	429	1
21	6	2011-04-27.09:16:40	107	429	1
21	6	2011-04-27.09:16:44	114	429	1
27	6	2011-04-27.09:16:48	113	427	1
21	6	2011-04-27.09:16:52	112	427	1
21	6	2011-04-27.09:16:56	111	427	1
24	6	2011-04-27.09:17:00	110	427	1
30	6	2011-04-27.09:17:04	110	433	1
21	6	2011-04-27.09:17:08	109	429	1
21	6	2011-04-27.09:17:13	109	429	1
21	6	2011-04-27.09:17:17	108	429	1
21	6	2011-04-27.09:17:21	107	429	1
21	6	2011-04-27.09:17:25	107	429	1
24	6	2011-04-27.09:17:29	107	429	1
21	6	2011-04-27.09:17:33	106	429	1
21	6	2011-04-27.09:17:37	106	429	1
24	6	2011-04-27.09:17:41	105	429	1
21	6	2011-04-27.09:17:45	105	429	1
21	6	2011-04-27.09:17:49	105	427	1
24	6	2011-04-27.09:17:53	104	427	1
21	6	2011-04-27.09:17:57	104	427	1
30	6	2011-04-27.09:18:01	104	435	1
21	6	2011-04-27.09:18:05	103	433	1
24	6	2011-04-27.09:18:09	103	429	1
21	6	2011-04-27.09:18:13	111	429	1
21	6	2011-04-27.09:18:18	110	429	1
24	6	2011-04-27.09:18:22	109	428	1
21	6	2011-04-27.09:18:26	108	428	1
21	6	2011-04-27.09:18:30	108	428	1
21	6	2011-04-27.09:18:34	108	428	1
21	6	2011-04-27.09:18:38	107	428	1
21	6	2011-04-27.09:18:42	107	428	1
21	6	2011-04-27.09:18:46	106	426	1
27	6	2011-04-27.09:18:50	106	426	1
18	6	2011-04-27.09:18:54	106	426	1
21	6	2011-04-27.09:18:58	113	426	1
33	6	2011-04-27.09:19:02	112	434	1
21	6	2011-04-27.09:19:06	111	428	1
21	6	2011-04-27.09:19:10	110	428	1
18	3	2011-04-27.09:19:14	110	428	1
18	6	2011-04-27.09:19:18	109	428	1
18	6	2011-04-27.09:19:23	108	428	1
21	6	2011-04-27.09:19:27	108	428	1
24	6	2011-04-27.09:19:31	107	428	1
18	6	2011-04-27.09:19:35	107	428	1
24	6	2011-04-27.09:19:39	123	428	1
18	3	2011-04-27.09:19:43	121	428	1
21	6	2011-04-27.09:19:47	119	426	1
21	6	2011-04-27.09:19:51	117	426	1
21	6	2011-04-27.09:19:55	117	426	1
18	6	2011-04-27.09:19:59	116	426	1
33	6	2011-04-27.09:20:03	115	433	1
21	6	2011-04-27.09:20:07	130	428	1
27	6	2011-04-27.09:20:11	127	428	1
21	6	2011-04-27.09:20:15	125	428	1
24	6	2011-04-27.09:20:19	125	428	1
21	6	2011-04-27.09:20:23	123	428	1
18	6	2011-04-27.09:20:28	129	428	1
21	6	2011-04-27.09:20:32	119	428	1
18	6	2011-04-27.09:20:36	109	428	1
18	6	2011-04-27.09:20:40	109	428	1
18	3	2011-04-27.09:20:44	100	428	1
18	6	2011-04-27.09:20:48	92	426	1
24	6	2011-04-27.09:20:52	85	426	1
21	6	2011-04-27.09:20:56	78	426	1
24	6	2011-04-27.09:21:00	78	426	1
30	6	2011-04-27.09:21:04	72	432	1
21	6	2011-04-27.09:21:08	66	428	1
21	6	2011-04-27.09:21:12	61	428	1
21	6	2011-04-27.09:21:16	56	429	1
18	6	2011-04-27.09:21:20	51	428	1
21	6	2011-04-27.09:21:24	51	428	1
21	6	2011-04-27.09:21:28	47	428	1
24	6	2011-04-27.09:21:33	51	428	1
21	6	2011-04-27.09:21:37	55	428	1
24	6	2011-04-27.09:21:41	51	428	1
21	6	2011-04-27.09:21:45	51	428	1
21	6	2011-04-27.09:21:49	47	426	1
18	3	2011-04-27.09:21:53	43	426	1
21	6	2011-04-27.09:21:57	39	426	1
21	6	2011-04-27.09:22:01	36	426	1
27	6	2011-04-27.09:22:05	36	432	1
24	6	2011-04-27.09:22:09	33	428	1
21	6	2011-04-27.09:22:13	31	428	1
18	6	2011-04-27.09:22:17	28	428	1
24	6	2011-04-27.09:22:21	26	428	1
18	6	2011-04-27.09:22:25	32	428	1
21	6	2011-04-27.09:22:29	32	428	1
21	6	2011-04-27.09:22:34	29	428	1
21	6	2011-04-27.09:22:38	27	429	1
18	3	2011-04-27.09:22:42	25	429	1
21	6	2011-04-27.09:22:46	23	427	1
27	6	2011-04-27.09:22:50	23	427	1
21	6	2011-04-27.09:22:54	29	427	1
21	6	2011-04-27.09:22:58	27	427	1
33	6	2011-04-27.09:23:02	24	435	1
21	6	2011-04-27.09:23:06	22	433	1
21	6	2011-04-27.09:23:10	22	429	1
21	6	2011-04-27.09:23:14	21	429	1
21	6	2011-04-27.09:23:18	19	429	1
21	6	2011-04-27.09:23:22	17	429	1
21	6	2011-04-27.09:23:26	16	429	1
24	6	2011-04-27.09:23:30	15	429	1
21	6	2011-04-27.09:23:34	15	429	1
21	6	2011-04-27.09:23:39	13	429	1
24	6	2011-04-27.09:23:43	12	429	1
21	6	2011-04-27.09:23:47	11	427	1
21	6	2011-04-27.09:23:51	10	427	1
21	6	2011-04-27.09:23:55	10	427	1
21	6	2011-04-27.09:23:59	10	427	1
30	6	2011-04-27.09:24:03	9	435	1
21	6	2011-04-27.09:24:07	8	429	1
24	6	2011-04-27.09:24:11	7	429	1
18	3	2011-04-27.09:24:15	7	429	1
21	6	2011-04-27.09:24:19	7	429	1
24	6	2011-04-27.09:24:23	6	429	1
21	6	2011-04-27.09:24:27	6	429	1
21	6	2011-04-27.09:24:31	5	429	1
21	6	2011-04-27.09:24:35	5	429	1
21	6	2011-04-27.09:24:39	5	429	1
21	6	2011-04-27.09:24:44	4	429	1
21	6	2011-04-27.09:24:48	4	427	1
24	6	2011-04-27.09:24:52	4	427	1
18	3	2011-04-27.09:24:56	3	427	1
21	6	2011-04-27.09:25:00	3	427	1
36	6	2011-04-27.09:25:04	3	433	1
21	6	2011-04-27.09:25:08	3	429	1
18	3	2011-04-27.09:25:12	2	429	1
21	6	2011-04-27.09:25:16	2	429	1
21	6	2011-04-27.09:25:20	2	429	1
21	6	2011-04-27.09:25:24	2	429	1
21	6	2011-04-27.09:25:28	2	429	1
24	6	2011-04-27.09:25:32	10	429	1
18	3	2011-04-27.09:25:36	9	429	1
21	6	2011-04-27.09:25:40	8	429	1
24	6	2011-04-27.09:25:44	8	429	1
21	6	2011-04-27.09:25:48	7	427	1
21	6	2011-04-27.09:25:53	7	427	1
21	6	2011-04-27.09:25:57	6	427	1
27	6	2011-04-27.09:26:01	6	437	1
24	6	2011-04-27.09:26:05	6	433	1
21	6	2011-04-27.09:26:09	5	429	1
24	6	2011-04-27.09:26:13	5	429	1
18	3	2011-04-27.09:26:17	4	429	1
21	6	2011-04-27.09:26:21	4	429	1
24	6	2011-04-27.09:26:25	4	429	1
21	6	2011-04-27.09:26:29	4	429	1
21	6	2011-04-27.09:26:33	3	429	1
21	6	2011-04-27.09:26:37	3	429	1
18	6	2011-04-27.09:26:41	3	429	1
21	6	2011-04-27.09:26:45	3	427	1
21	6	2011-04-27.09:26:49	3	428	1
24	6	2011-04-27.09:26:53	2	427	1
21	6	2011-04-27.09:26:58	2	427	1
30	6	2011-04-27.09:27:02	2	435	1
21	6	2011-04-27.09:27:06	2	433	1
21	6	2011-04-27.09:27:10	2	429	1
21	6	2011-04-27.09:27:14	2	429	1
21	6	2011-04-27.09:27:18	1	429	1
21	6	2011-04-27.09:27:22	1	429	1
18	3	2011-04-27.09:27:26	1	429	1
21	6	2011-04-27.09:27:30	1	429	1
24	6	2011-04-27.09:27:34	1	429	1
21	6	2011-04-27.09:27:38	1	429	1
24	6	2011-04-27.09:27:42	1	429	1
21	6	2011-04-27.09:27:46	1	427	1
21	6	2011-04-27.09:27:50	1	427	1
21	6	2011-04-27.09:27:54	1	427	1
21	6	2011-04-27.09:27:58	1	427	1
27	6	2011-04-27.09:28:03	0	435	1
21	6	2011-04-27.09:28:07	0	429	1
21	6	2011-04-27.09:28:11	0	429	1
24	6	2011-04-27.09:28:15	0	429	1
21	6	2011-04-27.09:28:19	0	429	1
24	6	2011-04-27.09:28:23	0	429	1
21	6	2011-04-27.09:28:27	0	429	1
21	6	2011-04-27.09:28:31	0	429	1
18	6	2011-04-27.09:28:35	0	429	1
21	6	2011-04-27.09:28:39	0	429	1
21	6	2011-04-27.09:28:43	0	429	1
21	6	2011-04-27.09:28:47	0	427	1
24	6	2011-04-27.09:28:51	8	427	1
21	6	2011-04-27.09:28:55	7	427	1
21	6	2011-04-27.09:28:59	7	427	1
33	6	2011-04-27.09:29:03	7	433	1
21	6	2011-04-27.09:29:07	6	429	1
21	6	2011-04-27.09:29:12	6	429	1
21	6	2011-04-27.09:29:16	5	429	1
21	6	2011-04-27.09:29:20	5	429	1
21	6	2011-04-27.09:29:24	5	429	1
21	6	2011-04-27.09:29:28	4	429	1
24	6	2011-04-27.09:29:32	4	429	1
21	6	2011-04-27.09:29:36	4	429	1
18	6	2011-04-27.09:29:40	4	429	1
27	6	2011-04-27.09:29:44	3	429	1
18	6	2011-04-27.09:29:48	3	427	1
18	3	2011-04-27.09:29:52	3	427	1
18	6	2011-04-27.09:29:56	2	427	1
21	6	2011-04-27.09:30:00	10	427	1
33	6	2011-04-27.09:30:04	10	433	1
21	6	2011-04-27.09:30:08	9	429	1
24	6	2011-04-27.09:30:12	9	429	1
21	6	2011-04-27.09:30:17	8	429	1
21	6	2011-04-27.09:30:21	7	429	1
24	6	2011-04-27.09:30:25	7	430	1
21	6	2011-04-27.09:30:29	7	430	1
21	6	2011-04-27.09:30:33	6	429	1
18	3	2011-04-27.09:30:37	6	429	1
18	6	2011-04-27.09:30:41	13	429	1
21	6	2011-04-27.09:30:45	13	429	1
21	6	2011-04-27.09:30:49	12	427	1
27	6	2011-04-27.09:30:53	11	427	1
21	6	2011-04-27.09:30:57	10	427	1
21	6	2011-04-27.09:31:01	17	439	1
33	6	2011-04-27.09:31:05	16	433	1
21	6	2011-04-27.09:31:09	16	429	1
21	6	2011-04-27.09:31:13	23	430	1
21	6	2011-04-27.09:31:17	21	429	1
21	6	2011-04-27.09:31:22	27	429	1
21	6	2011-04-27.09:31:26	25	429	1
21	6	2011-04-27.09:31:30	25	429	1
24	6	2011-04-27.09:31:34	23	429	1
21	6	2011-04-27.09:31:38	21	429	1
21	6	2011-04-27.09:31:42	27	429	1
24	6	2011-04-27.09:31:46	41	427	1
21	6	2011-04-27.09:31:50	41	427	1
21	6	2011-04-27.09:31:54	38	427	1
21	6	2011-04-27.09:31:58	43	427	1
30	6	2011-04-27.09:32:02	47	435	1
21	6	2011-04-27.09:32:06	52	433	1
21	6	2011-04-27.09:32:10	71	429	1
24	6	2011-04-27.09:32:14	71	429	1
21	6	2011-04-27.09:32:18	74	429	1
21	6	2011-04-27.09:32:22	76	429	1
24	6	2011-04-27.09:32:27	94	429	1
18	6	2011-04-27.09:32:31	102	429	1
15	3	2011-04-27.09:32:35	102	429	1
18	6	2011-04-27.09:32:39	110	429	1
18	6	2011-04-27.09:32:43	125	429	1
15	3	2011-04-27.09:32:47	131	427	1
21	6	2011-04-27.09:32:51	137	427	1
21	6	2011-04-27.09:32:55	137	427	1
18	6	2011-04-27.09:32:59	142	427	1
27	6	2011-04-27.09:33:03	154	435	1
24	6	2011-04-27.09:33:07	158	429	1
21	6	2011-04-27.09:33:11	161	429	1
15	3	2011-04-27.09:33:15	172	429	1
18	6	2011-04-27.09:33:19	172	429	1
15	3	2011-04-27.09:33:23	175	429	1
15	3	2011-04-27.09:33:27	201	429	1
18	6	2011-04-27.09:33:32	209	429	1
21	6	2011-04-27.09:33:36	216	429	1
18	6	2011-04-27.09:33:40	216	429	1
15	3	2011-04-27.09:33:44	223	429	1
21	6	2011-04-27.09:33:48	229	427	1
18	6	2011-04-27.09:33:52	234	427	1
15	3	2011-04-27.09:33:56	248	427	1
18	6	2011-04-27.09:34:00	248	427	1
27	6	2011-04-27.09:34:04	252	433	1
18	6	2011-04-27.09:34:08	256	429	1
21	6	2011-04-27.09:34:12	259	429	1
24	6	2011-04-27.09:34:16	262	429	1
18	6	2011-04-27.09:34:20	265	429	1
21	6	2011-04-27.09:34:24	265	429	1
15	3	2011-04-27.09:34:28	276	429	1
18	6	2011-04-27.09:34:32	310	429	1
18	6	2011-04-27.09:34:37	309	429	1
18	6	2011-04-27.09:34:41	332	429	1
18	6	2011-04-27.09:34:45	332	429	1
15	3	2011-04-27.09:34:49	314	427	1
18	6	2011-04-27.09:34:53	289	427	1
21	6	2011-04-27.09:34:57	266	427	1
30	6	2011-04-27.09:35:01	244	439	1
24	6	2011-04-27.09:35:05	244	433	1
18	6	2011-04-27.09:35:09	225	429	1
18	6	2011-04-27.09:35:13	207	429	1
18	6	2011-04-27.09:35:17	190	429	1
18	6	2011-04-27.09:35:21	175	429	1
21	6	2011-04-27.09:35:25	161	429	1
18	6	2011-04-27.09:35:29	161	429	1
18	6	2011-04-27.09:35:33	148	429	1
21	6	2011-04-27.09:35:37	144	429	1
18	6	2011-04-27.09:35:42	133	429	1
21	6	2011-04-27.09:35:46	122	427	1
15	3	2011-04-27.09:35:50	122	427	1
18	6	2011-04-27.09:35:54	112	427	1
15	3	2011-04-27.09:35:58	103	427	1
24	6	2011-04-27.09:36:02	95	435	1
18	6	2011-04-27.09:36:06	87	433	1
18	6	2011-04-27.09:36:10	87	429	1
15	3	2011-04-27.09:36:14	80	429	1
21	6	2011-04-27.09:36:18	74	429	1
18	6	2011-04-27.09:36:22	76	429	1
24	6	2011-04-27.09:36:26	70	429	1
21	6	2011-04-27.09:36:30	64	429	1
15	3	2011-04-27.09:36:34	64	429	1
18	6	2011-04-27.09:36:38	59	429	1
18	6	2011-04-27.09:36:42	54	429	1
15	3	2011-04-27.09:36:47	50	427	1
21	6	2011-04-27.09:36:51	46	427	1
21	6	2011-04-27.09:36:55	46	427	1
18	6	2011-04-27.09:36:59	42	427	1
27	6	2011-04-27.09:37:03	39	435	1
24	6	2011-04-27.09:37:07	44	429	1
21	6	2011-04-27.09:37:11	40	429	1
18	6	2011-04-27.09:37:15	40	429	1
15	3	2011-04-27.09:37:19	37	429	1
18	6	2011-04-27.09:37:23	34	429	1
18	6	2011-04-27.09:37:27	31	429	1
18	6	2011-04-27.09:37:31	29	429	1
21	6	2011-04-27.09:37:35	34	429	1
15	3	2011-04-27.09:37:39	34	429	1
18	6	2011-04-27.09:37:43	32	429	1
21	6	2011-04-27.09:37:47	29	427	1
18	6	2011-04-27.09:37:52	27	427	1
15	3	2011-04-27.09:37:56	25	427	1
15	3	2011-04-27.09:38:00	25	427	1
27	6	2011-04-27.09:38:04	22	433	1
18	6	2011-04-27.09:38:08	21	429	1
18	6	2011-04-27.09:38:12	19	429	1
18	3	2011-04-27.09:38:16	17	429	1
18	6	2011-04-27.09:38:20	17	429	1
18	6	2011-04-27.09:38:24	16	429	1
21	6	2011-04-27.09:38:28	15	430	1
18	6	2011-04-27.09:38:32	14	430	1
12	3	2011-04-27.09:38:36	12	430	1
15	3	2011-04-27.09:38:40	11	430	1
18	6	2011-04-27.09:38:44	11	430	1
18	6	2011-04-27.09:38:48	10	428	1
18	6	2011-04-27.09:38:52	10	428	1
21	6	2011-04-27.09:38:56	9	428	1
15	3	2011-04-27.09:39:01	8	428	1
27	6	2011-04-27.09:39:05	8	434	1
21	6	2011-04-27.09:39:09	7	430	1
18	6	2011-04-27.09:39:13	7	430	1
15	3	2011-04-27.09:39:17	14	430	1
18	6	2011-04-27.09:39:21	13	430	1
18	6	2011-04-27.09:39:25	13	430	1
18	6	2011-04-27.09:39:29	12	430	1
18	6	2011-04-27.09:39:33	11	430	1
21	6	2011-04-27.09:39:37	10	430	1
15	3	2011-04-27.09:39:41	9	431	1
21	6	2011-04-27.09:39:45	8	430	1
24	6	2011-04-27.09:39:49	8	428	1
21	6	2011-04-27.09:39:53	8	428	1
21	6	2011-04-27.09:39:57	7	428	1
33	9	2011-04-27.09:40:01	15	440	1
21	6	2011-04-27.09:40:06	13	434	1
21	6	2011-04-27.09:40:10	13	430	1
21	6	2011-04-27.09:40:14	12	430	1
24	6	2011-04-27.09:40:18	11	430	1
21	6	2011-04-27.09:40:22	10	430	1
21	6	2011-04-27.09:40:26	10	430	1
24	6	2011-04-27.09:40:30	10	430	1
21	6	2011-04-27.09:40:34	9	430	1
18	6	2011-04-27.09:40:38	8	430	1
18	6	2011-04-27.09:40:42	7	430	1
15	3	2011-04-27.09:40:46	7	428	1
18	3	2011-04-27.09:40:50	6	428	1
21	6	2011-04-27.09:40:54	6	428	1
24	6	2011-04-27.09:40:58	6	428	1
30	6	2011-04-27.09:41:02	5	436	1
18	6	2011-04-27.09:41:07	5	434	1
24	6	2011-04-27.09:41:11	4	430	1
18	6	2011-04-27.09:41:15	4	430	1
18	6	2011-04-27.09:41:19	4	430	1
18	6	2011-04-27.09:41:23	4	430	1
18	6	2011-04-27.09:41:27	3	430	1
18	6	2011-04-27.09:41:31	3	430	1
18	6	2011-04-27.09:41:35	3	430	1
21	6	2011-04-27.09:41:39	3	430	1
18	6	2011-04-27.09:41:43	2	430	1
21	6	2011-04-27.09:41:47	2	428	1
21	6	2011-04-27.09:41:51	2	428	1
18	6	2011-04-27.09:41:55	2	428	1
15	3	2011-04-27.09:41:59	2	428	1
27	6	2011-04-27.09:42:03	2	434	1
21	6	2011-04-27.09:42:07	2	430	1
21	6	2011-04-27.09:42:11	1	430	1
21	6	2011-04-27.09:42:16	1	430	1
24	6	2011-04-27.09:42:20	1	430	1
21	6	2011-04-27.09:42:24	1	430	1
24	6	2011-04-27.09:42:28	1	430	1
21	6	2011-04-27.09:42:32	1	430	1
18	6	2011-04-27.09:42:36	1	430	1
21	6	2011-04-27.09:42:40	1	430	1
21	6	2011-04-27.09:42:44	1	430	1
21	6	2011-04-27.09:42:48	1	428	1
21	6	2011-04-27.09:42:52	1	428	1
21	6	2011-04-27.09:42:56	0	428	1
24	6	2011-04-27.09:43:00	0	428	1
27	6	2011-04-27.09:43:04	0	434	1
24	6	2011-04-27.09:43:08	0	431	1
21	6	2011-04-27.09:43:12	0	430	1
21	6	2011-04-27.09:43:16	0	430	1
21	6	2011-04-27.09:43:21	0	430	1
21	6	2011-04-27.09:43:25	0	430	1
18	3	2011-04-27.09:43:29	8	430	1
21	6	2011-04-27.09:43:33	8	430	1
18	6	2011-04-27.09:43:37	7	430	1
24	6	2011-04-27.09:43:41	14	430	1
15	3	2011-04-27.09:43:45	14	428	1
24	6	2011-04-27.09:43:49	13	428	1
21	6	2011-04-27.09:43:53	12	428	1
21	6	2011-04-27.09:43:57	11	428	1
30	6	2011-04-27.09:44:01	10	436	1
21	6	2011-04-27.09:44:05	9	434	1
18	6	2011-04-27.09:44:09	9	430	1
21	6	2011-04-27.09:44:13	9	430	1
18	6	2011-04-27.09:44:17	8	430	1
21	3	2011-04-27.09:44:21	7	430	1
21	6	2011-04-27.09:44:25	7	430	1
21	6	2011-04-27.09:44:30	7	430	1
18	3	2011-04-27.09:44:34	6	430	1
18	6	2011-04-27.09:44:38	6	430	1
18	6	2011-04-27.09:44:42	5	430	1
21	6	2011-04-27.09:44:46	13	428	1
18	6	2011-04-27.09:44:50	13	428	1
21	6	2011-04-27.09:44:54	12	428	1
21	6	2011-04-27.09:44:58	11	428	1
30	6	2011-04-27.09:45:02	10	436	1
21	6	2011-04-27.09:45:06	9	432	1
24	6	2011-04-27.09:45:10	8	430	1
21	6	2011-04-27.09:45:14	8	430	1
18	6	2011-04-27.09:45:18	8	430	1
15	3	2011-04-27.09:45:22	39	430	1
21	6	2011-04-27.09:45:26	36	430	1
18	6	2011-04-27.09:45:30	33	430	1
18	6	2011-04-27.09:45:35	33	430	1
21	6	2011-04-27.09:45:39	30	430	1
15	3	2011-04-27.09:45:43	28	430	1
21	6	2011-04-27.09:45:47	26	428	1
24	6	2011-04-27.09:45:51	24	428	1
18	6	2011-04-27.09:45:55	24	429	1
15	3	2011-04-27.09:45:59	22	429	1
27	6	2011-04-27.09:46:03	20	437	1
18	6	2011-04-27.09:46:07	18	431	1
21	6	2011-04-27.09:46:11	17	431	1
18	6	2011-04-27.09:46:15	15	431	1
24	6	2011-04-27.09:46:19	15	431	1
18	6	2011-04-27.09:46:23	14	431	1
18	3	2011-04-27.09:46:27	13	431	1
69	9	2011-04-27.09:46:31	20	432	1
18	6	2011-04-27.09:46:35	18	431	1
15	3	2011-04-27.09:46:39	18	432	1
21	6	2011-04-27.09:46:44	17	431	1
18	6	2011-04-27.09:46:48	15	429	1
21	6	2011-04-27.09:46:52	14	429	1
21	6	2011-04-27.09:46:56	13	429	1
24	6	2011-04-27.09:47:00	13	429	1
27	6	2011-04-27.09:47:04	12	435	1
21	6	2011-04-27.09:47:08	11	431	1
24	6	2011-04-27.09:47:12	10	431	1
21	6	2011-04-27.09:47:16	17	431	1
15	3	2011-04-27.09:47:20	16	431	1
21	6	2011-04-27.09:47:24	16	431	1
21	6	2011-04-27.09:47:28	15	431	1
21	6	2011-04-27.09:47:32	13	431	1
18	6	2011-04-27.09:47:36	12	431	1
21	3	2011-04-27.09:47:40	11	431	1
21	6	2011-04-27.09:47:44	11	431	1
21	6	2011-04-27.09:47:49	10	429	1
24	6	2011-04-27.09:47:53	10	429	1
27	9	2011-04-27.09:47:57	25	428	1
21	6	2011-04-27.09:48:01	23	428	1
27	6	2011-04-27.09:48:05	23	434	1
21	6	2011-04-27.09:48:09	21	430	1
24	6	2011-04-27.09:48:13	19	430	1
21	6	2011-04-27.09:48:17	18	430	1
24	6	2011-04-27.09:48:21	16	430	1
21	6	2011-04-27.09:48:25	15	430	1
18	3	2011-04-27.09:48:29	15	430	1
24	6	2011-04-27.09:48:33	14	430	1
21	6	2011-04-27.09:48:37	13	430	1
21	6	2011-04-27.09:48:41	12	430	1
21	6	2011-04-27.09:48:45	11	428	1
18	6	2011-04-27.09:48:49	11	428	1
21	6	2011-04-27.09:48:54	10	428	1
18	6	2011-04-27.09:48:58	9	428	1
33	6	2011-04-27.09:49:02	8	436	1
21	6	2011-04-27.09:49:06	8	434	1
24	6	2011-04-27.09:49:10	8	430	1
27	6	2011-04-27.09:49:14	15	430	1
24	6	2011-04-27.09:49:18	14	430	1
24	6	2011-04-27.09:49:22	13	430	1
21	6	2011-04-27.09:49:26	12	430	1
21	6	2011-04-27.09:49:30	12	430	1
24	6	2011-04-27.09:49:34	27	430	1
24	6	2011-04-27.09:49:38	24	430	1
24	6	2011-04-27.09:49:42	22	430	1
24	6	2011-04-27.09:49:46	37	428	1
24	6	2011-04-27.09:49:50	34	428	1
21	6	2011-04-27.09:49:54	34	428	1
21	6	2011-04-27.09:49:58	31	428	1
36	9	2011-04-27.09:50:03	28	436	1
21	6	2011-04-27.09:50:07	26	434	1
21	6	2011-04-27.09:50:11	24	430	1
21	6	2011-04-27.09:50:15	24	430	1
21	6	2011-04-27.09:50:19	22	432	1
18	3	2011-04-27.09:50:23	28	434	1
9	3	2011-04-27.09:50:27	26	433	1
6	3	2011-04-27.09:50:31	32	430	1
6	3	2011-04-27.09:50:35	32	430	1
6	3	2011-04-27.09:50:39	45	430	1
6	3	2011-04-27.09:50:43	42	430	1
6	3	2011-04-27.09:50:47	38	428	1
3	3	2011-04-27.09:50:51	35	428	1
6	3	2011-04-27.09:50:55	32	428	1
15	3	2011-04-27.09:50:59	32	428	1
33	6	2011-04-27.09:51:03	30	434	1
21	3	2011-04-27.09:51:08	27	430	1
108	21	2011-04-27.09:51:12	33	431	1
21	6	2011-04-27.09:51:16	31	431	1
72	21	2011-04-27.09:51:20	31	437	8
36	9	2011-04-27.09:51:25	28	437	8
24	6	2011-04-27.09:51:29	26	434	8
33	6	2011-04-27.09:51:34	24	434	8
21	6	2011-04-27.09:51:38	22	434	8
12	6	2011-04-27.09:51:43	20	434	8
15	6	2011-04-27.09:51:47	18	432	8
21	6	2011-04-27.09:51:52	17	432	8
18	6	2011-04-27.09:51:57	16	432	8
39	9	2011-04-27.09:52:01	14	443	11
21	6	2011-04-27.09:52:06	21	440	11
21	6	2011-04-27.09:52:10	27	436	14
18	6	2011-04-27.09:52:15	27	437	14
18	9	2011-04-27.09:52:19	25	435	10
12	6	2011-04-27.09:52:24	23	435	10
12	6	2011-04-27.09:52:29	21	434	10
18	6	2011-04-27.09:52:33	20	434	10
12	6	2011-04-27.09:52:38	18	434	10
15	6	2011-04-27.09:52:42	25	434	10
12	6	2011-04-27.09:52:47	22	432	10
15	6	2011-04-27.09:52:52	21	432	10
12	6	2011-04-27.09:52:56	19	432	10
12	6	2011-04-27.09:53:01	25	432	10
18	6	2011-04-27.09:53:05	23	438	10
12	6	2011-04-27.09:53:10	23	434	9
18	6	2011-04-27.09:53:14	22	434	9
21	6	2011-04-27.09:53:19	20	434	9
21	6	2011-04-27.09:53:24	26	430	9
18	6	2011-04-27.09:53:28	32	431	9
15	6	2011-04-27.09:53:33	29	430	9
12	6	2011-04-27.09:53:37	27	430	9
12	6	2011-04-27.09:53:42	25	430	9
12	6	2011-04-27.09:53:47	39	428	9
12	6	2011-04-27.09:53:51	36	428	9
18	6	2011-04-27.09:53:56	33	428	9
12	6	2011-04-27.09:54:00	30	428	9
21	6	2011-04-27.09:54:05	30	434	9
12	6	2011-04-27.09:54:09	28	430	9
21	6	2011-04-27.09:54:14	26	434	4
18	6	2011-04-27.09:54:19	32	436	4
9	3	2011-04-27.09:54:23	29	432	4
18	6	2011-04-27.09:54:28	43	430	4
21	6	2011-04-27.09:54:32	39	432	1
21	6	2011-04-27.09:54:36	44	432	1
15	6	2011-04-27.09:54:40	49	430	1
9	3	2011-04-27.09:54:44	49	430	1
12	3	2011-04-27.09:54:48	53	430	1
9	3	2011-04-27.09:54:52	56	428	1
12	3	2011-04-27.09:54:56	60	428	1
9	3	2011-04-27.09:55:00	63	428	1
24	6	2011-04-27.09:55:05	63	434	1
9	3	2011-04-27.09:55:09	58	430	1
9	3	2011-04-27.09:55:13	61	430	1
9	3	2011-04-27.09:55:17	56	430	1
15	3	2011-04-27.09:55:21	52	432	3
9	3	2011-04-27.09:55:26	48	432	3
9	3	2011-04-27.09:55:30	44	430	3
15	6	2011-04-27.09:55:35	44	430	3
12	6	2011-04-27.09:55:39	40	430	3
9	3	2011-04-27.09:55:44	37	430	3
12	3	2011-04-27.09:55:48	34	428	3
9	3	2011-04-27.09:55:53	31	428	3
15	6	2011-04-27.09:55:58	29	428	3
21	6	2011-04-27.09:56:02	26	436	3
12	3	2011-04-27.09:56:07	24	430	3
9	3	2011-04-27.09:56:11	22	431	3
12	3	2011-04-27.09:56:16	20	430	3
12	6	2011-04-27.09:56:20	19	430	3
15	6	2011-04-27.09:56:25	19	430	3
9	3	2011-04-27.09:56:30	17	430	3
12	3	2011-04-27.09:56:34	16	430	3
15	6	2011-04-27.09:56:39	15	429	3
9	3	2011-04-27.09:56:43	13	428	1
12	6	2011-04-27.09:56:47	12	426	1
9	3	2011-04-27.09:56:51	11	426	1
9	3	2011-04-27.09:56:55	11	426	1
9	3	2011-04-27.09:56:59	26	426	1
21	6	2011-04-27.09:57:03	32	434	1
9	3	2011-04-27.09:57:07	38	428	1
9	3	2011-04-27.09:57:11	43	428	1
9	3	2011-04-27.09:57:15	55	428	1
12	6	2011-04-27.09:57:19	55	428	1
48	9	2011-04-27.09:57:24	51	428	2
21	6	2011-04-27.09:57:28	47	430	3
15	6	2011-04-27.09:57:33	43	430	3
15	6	2011-04-27.09:57:37	39	430	3
15	6	2011-04-27.09:57:42	36	431	3
15	6	2011-04-27.09:57:46	33	429	3
15	6	2011-04-27.09:57:51	39	429	3
15	6	2011-04-27.09:57:55	36	429	3
18	6	2011-04-27.09:58:00	41	429	3
24	6	2011-04-27.09:58:05	41	435	3
42	6	2011-04-27.09:58:09	37	431	3
15	6	2011-04-27.09:58:14	42	429	1
15	6	2011-04-27.09:58:18	39	429	1
15	6	2011-04-27.09:58:22	36	429	1
9	3	2011-04-27.09:58:26	33	429	1
15	6	2011-04-27.09:58:30	33	429	1
12	3	2011-04-27.09:58:34	30	429	1
15	6	2011-04-27.09:58:38	28	429	1
21	6	2011-04-27.09:58:42	26	429	1
15	6	2011-04-27.09:58:46	24	427	1
24	6	2011-04-27.09:58:50	22	427	1
21	6	2011-04-27.09:58:54	22	427	1
24	6	2011-04-27.09:58:58	28	427	1
24	6	2011-04-27.09:59:02	26	435	1
15	6	2011-04-27.09:59:07	24	429	1
15	6	2011-04-27.09:59:11	22	429	1
15	6	2011-04-27.09:59:15	22	429	1
15	6	2011-04-27.09:59:19	20	429	1
21	6	2011-04-27.09:59:23	18	429	1
12	3	2011-04-27.09:59:27	17	429	1
15	6	2011-04-27.09:59:31	15	429	1
12	3	2011-04-27.09:59:35	15	429	1
15	6	2011-04-27.09:59:39	14	429	1
18	6	2011-04-27.09:59:43	13	429	1
15	6	2011-04-27.09:59:47	12	427	1
15	6	2011-04-27.09:59:51	11	427	1
15	6	2011-04-27.09:59:55	10	427	1
15	6	2011-04-27.09:59:59	10	427	1
33	6	2011-04-27.10:00:03	9	433	1
15	6	2011-04-27.10:00:07	8	429	1
15	6	2011-04-27.10:00:12	8	429	1
15	6	2011-04-27.10:00:16	7	429	1
15	6	2011-04-27.10:00:20	7	429	1
12	3	2011-04-27.10:00:24	7	429	1
15	6	2011-04-27.10:00:28	6	429	1
15	6	2011-04-27.10:00:32	6	429	1
15	6	2011-04-27.10:00:36	5	429	1
15	6	2011-04-27.10:00:40	5	429	1
18	6	2011-04-27.10:00:44	5	429	1
15	6	2011-04-27.10:00:48	4	427	1
15	6	2011-04-27.10:00:52	4	427	1
21	6	2011-04-27.10:00:56	4	427	1
15	6	2011-04-27.10:01:00	3	427	1
24	6	2011-04-27.10:01:04	3	433	1
12	3	2011-04-27.10:01:08	3	429	1
12	3	2011-04-27.10:01:12	3	429	1
12	3	2011-04-27.10:01:17	2	429	1
15	6	2011-04-27.10:01:21	2	429	1
18	6	2011-04-27.10:01:25	2	429	1
15	6	2011-04-27.10:01:29	2	429	1
12	3	2011-04-27.10:01:33	2	429	1
15	6	2011-04-27.10:01:37	2	429	1
12	3	2011-04-27.10:01:41	2	429	1
15	6	2011-04-27.10:01:45	2	429	1
15	6	2011-04-27.10:01:49	17	427	1
12	3	2011-04-27.10:01:53	16	427	1
12	3	2011-04-27.10:01:57	15	427	1
21	6	2011-04-27.10:02:01	13	439	1
18	3	2011-04-27.10:02:05	12	433	1
15	6	2011-04-27.10:02:09	12	429	1
15	6	2011-04-27.10:02:13	11	429	1
12	3	2011-04-27.10:02:17	10	429	1
15	6	2011-04-27.10:02:22	18	429	1
15	6	2011-04-27.10:02:26	16	429	1
15	6	2011-04-27.10:02:30	16	429	1
12	3	2011-04-27.10:02:34	15	429	1
15	6	2011-04-27.10:02:38	14	429	1
21	6	2011-04-27.10:02:42	12	429	1
24	6	2011-04-27.10:02:46	11	427	1
21	6	2011-04-27.10:02:50	11	427	1
18	6	2011-04-27.10:02:54	18	427	1
15	6	2011-04-27.10:02:58	17	427	1
24	6	2011-04-27.10:03:02	16	435	1
15	6	2011-04-27.10:03:06	22	433	1
15	6	2011-04-27.10:03:10	21	429	1
12	3	2011-04-27.10:03:14	21	429	1
15	6	2011-04-27.10:03:18	19	429	1
15	6	2011-04-27.10:03:22	17	429	1
18	6	2011-04-27.10:03:27	16	429	1
15	6	2011-04-27.10:03:31	15	429	1
15	6	2011-04-27.10:03:35	15	429	1
15	6	2011-04-27.10:03:39	13	429	1
15	6	2011-04-27.10:03:43	12	429	1
12	6	2011-04-27.10:03:47	11	427	1
15	6	2011-04-27.10:03:51	26	427	1
15	6	2011-04-27.10:03:55	24	427	1
15	6	2011-04-27.10:03:59	24	427	1
24	6	2011-04-27.10:04:03	22	436	1
18	6	2011-04-27.10:04:07	20	430	1
15	6	2011-04-27.10:04:11	19	430	1
12	3	2011-04-27.10:04:15	17	430	1
15	6	2011-04-27.10:04:19	17	430	1
12	3	2011-04-27.10:04:23	16	430	1
15	3	2011-04-27.10:04:28	31	430	1
27	6	2011-04-27.10:04:32	36	430	1
24	6	2011-04-27.10:04:36	65	430	1
33	6	2011-04-27.10:04:40	65	430	1
18	6	2011-04-27.10:04:44	76	430	1
18	6	2011-04-27.10:04:48	86	428	1
18	6	2011-04-27.10:04:52	103	430	1
12	3	2011-04-27.10:04:56	95	432	1
18	6	2011-04-27.10:05:00	87	429	2
21	6	2011-04-27.10:05:05	87	435	2
6	3	2011-04-27.10:05:09	80	431	2
15	3	2011-04-27.10:05:14	74	431	2
18	3	2011-04-27.10:05:19	68	431	2
18	6	2011-04-27.10:05:23	62	431	2
12	3	2011-04-27.10:05:28	57	431	2
21	6	2011-04-27.10:05:32	69	431	2
21	6	2011-04-27.10:05:37	63	431	2
15	3	2011-04-27.10:05:41	58	431	2
15	3	2011-04-27.10:05:46	61	429	2
15	6	2011-04-27.10:05:50	64	429	2
24	6	2011-04-27.10:05:55	59	429	2
21	6	2011-04-27.10:06:00	59	429	2
27	6	2011-04-27.10:06:04	55	435	2
12	3	2011-04-27.10:06:09	50	431	2
15	6	2011-04-27.10:06:13	46	431	2
9	3	2011-04-27.10:06:18	42	433	3
15	6	2011-04-27.10:06:22	39	432	3
9	3	2011-04-27.10:06:27	36	432	3
12	6	2011-04-27.10:06:32	33	432	3
9	3	2011-04-27.10:06:36	30	432	3
15	6	2011-04-27.10:06:41	36	433	3
12	3	2011-04-27.10:06:45	33	432	3
9	3	2011-04-27.10:06:50	33	430	3
12	6	2011-04-27.10:06:54	30	430	3
9	3	2011-04-27.10:06:59	28	430	3
24	6	2011-04-27.10:07:04	26	436	3
9	3	2011-04-27.10:07:08	24	432	3
9	3	2011-04-27.10:07:13	22	431	3
15	6	2011-04-27.10:07:17	20	432	3
12	6	2011-04-27.10:07:22	18	432	3
12	3	2011-04-27.10:07:26	17	432	3
12	6	2011-04-27.10:07:31	15	432	3
9	3	2011-04-27.10:07:36	14	432	3
12	6	2011-04-27.10:07:40	13	432	3
15	6	2011-04-27.10:07:45	13	430	3
9	3	2011-04-27.10:07:49	12	430	3
9	3	2011-04-27.10:07:54	11	430	3
9	3	2011-04-27.10:07:58	10	430	3
21	6	2011-04-27.10:08:03	9	436	3
18	6	2011-04-27.10:08:08	8	432	3
12	3	2011-04-27.10:08:12	8	432	3
24	3	2011-04-27.10:08:17	7	432	3
27	3	2011-04-27.10:08:21	23	432	3
12	6	2011-04-27.10:08:26	21	431	2
12	3	2011-04-27.10:08:30	19	432	3
12	3	2011-04-27.10:08:35	17	433	3
21	6	2011-04-27.10:08:40	17	432	3
15	3	2011-04-27.10:08:44	24	432	3
21	6	2011-04-27.10:08:49	22	430	3
18	6	2011-04-27.10:08:53	20	429	3
12	6	2011-04-27.10:08:58	19	430	3
21	6	2011-04-27.10:09:02	33	438	3
9	3	2011-04-27.10:09:07	38	431	2
15	6	2011-04-27.10:09:12	35	432	3
9	3	2011-04-27.10:09:16	33	432	3
15	6	2011-04-27.10:09:21	30	432	3
9	3	2011-04-27.10:09:25	27	432	3
12	3	2011-04-27.10:09:30	27	432	3
15	6	2011-04-27.10:09:34	25	432	3
9	3	2011-04-27.10:09:39	23	432	3
12	3	2011-04-27.10:09:44	21	431	2
12	3	2011-04-27.10:09:48	20	430	3
12	3	2011-04-27.10:09:53	18	430	3
12	6	2011-04-27.10:09:57	16	430	3
24	6	2011-04-27.10:10:02	15	438	3
12	3	2011-04-27.10:10:06	14	433	3
12	3	2011-04-27.10:10:11	13	432	3
9	3	2011-04-27.10:10:16	12	432	3
9	3	2011-04-27.10:10:20	11	431	2
15	6	2011-04-27.10:10:25	11	432	3
9	3	2011-04-27.10:10:29	10	432	3
12	3	2011-04-27.10:10:34	9	432	3
9	3	2011-04-27.10:10:38	8	432	3
15	6	2011-04-27.10:10:43	8	432	3
12	3	2011-04-27.10:10:48	7	430	3
9	3	2011-04-27.10:10:52	6	430	3
9	3	2011-04-27.10:10:57	6	429	2
21	6	2011-04-27.10:11:01	5	441	3
12	3	2011-04-27.10:11:06	5	435	1
9	3	2011-04-27.10:11:10	5	430	1
39	12	2011-04-27.10:11:14	13	432	3
9	3	2011-04-27.10:11:19	12	432	3
9	3	2011-04-27.10:11:23	11	432	3
15	6	2011-04-27.10:11:28	10	432	3
9	3	2011-04-27.10:11:32	9	432	3
9	3	2011-04-27.10:11:37	8	432	3
9	3	2011-04-27.10:11:41	8	432	3
12	3	2011-04-27.10:11:46	7	430	3
15	6	2011-04-27.10:11:51	6	430	3
15	6	2011-04-27.10:11:55	6	430	3
9	3	2011-04-27.10:12:00	6	430	3
21	6	2011-04-27.10:12:04	5	436	3
9	3	2011-04-27.10:12:09	5	432	3
9	3	2011-04-27.10:12:13	4	432	3
12	6	2011-04-27.10:12:18	4	432	3
9	3	2011-04-27.10:12:23	4	432	3
9	3	2011-04-27.10:12:27	3	432	3
9	3	2011-04-27.10:12:32	3	432	3
15	6	2011-04-27.10:12:36	3	431	3
9	3	2011-04-27.10:12:41	3	431	2
15	6	2011-04-27.10:12:45	2	430	3
9	3	2011-04-27.10:12:50	2	430	3
12	3	2011-04-27.10:12:55	2	430	3
9	3	2011-04-27.10:12:59	2	430	3
21	6	2011-04-27.10:13:04	2	436	3
15	6	2011-04-27.10:13:08	2	432	3
12	3	2011-04-27.10:13:13	1	432	3
9	3	2011-04-27.10:13:17	1	431	2
9	3	2011-04-27.10:13:22	1	432	3
15	6	2011-04-27.10:13:26	1	432	3
9	3	2011-04-27.10:13:31	1	432	3
12	6	2011-04-27.10:13:36	1	432	3
9	3	2011-04-27.10:13:40	1	432	3
15	6	2011-04-27.10:13:45	1	432	3
9	3	2011-04-27.10:13:49	1	430	3
15	6	2011-04-27.10:13:54	1	429	2
15	6	2011-04-27.10:13:58	8	430	3
21	6	2011-04-27.10:14:03	8	438	3
15	6	2011-04-27.10:14:08	7	432	3
9	3	2011-04-27.10:14:12	7	432	3
9	3	2011-04-27.10:14:17	6	432	3
9	3	2011-04-27.10:14:21	6	432	3
15	6	2011-04-27.10:14:26	5	432	3
12	6	2011-04-27.10:14:30	5	432	3
18	6	2011-04-27.10:14:35	4	432	3
9	3	2011-04-27.10:14:40	4	432	3
15	6	2011-04-27.10:14:44	4	432	4
18	6	2011-04-27.10:14:49	4	431	4
12	6	2011-04-27.10:14:53	3	431	4
15	6	2011-04-27.10:14:58	3	431	4
24	6	2011-04-27.10:15:02	3	439	4
15	6	2011-04-27.10:15:07	2	432	3
12	3	2011-04-27.10:15:12	2	433	4
15	6	2011-04-27.10:15:16	2	433	4
12	6	2011-04-27.10:15:21	2	432	4
15	6	2011-04-27.10:15:25	2	433	4
15	3	2011-04-27.10:15:30	2	433	4
30	6	2011-04-27.10:15:34	2	433	4
24	6	2011-04-27.10:15:39	9	433	4
15	6	2011-04-27.10:15:44	9	433	4
18	6	2011-04-27.10:15:48	8	429	1
15	3	2011-04-27.10:15:52	7	429	1
33	6	2011-04-27.10:15:56	15	429	1
21	3	2011-04-27.10:16:00	13	429	1
33	6	2011-04-27.10:16:04	13	435	1
30	6	2011-04-27.10:16:08	12	431	1
15	3	2011-04-27.10:16:13	11	431	1
12	6	2011-04-27.10:16:17	10	431	1
9	3	2011-04-27.10:16:21	10	431	1
9	3	2011-04-27.10:16:25	10	431	1
9	3	2011-04-27.10:16:29	9	431	1
9	3	2011-04-27.10:16:33	8	431	1
15	3	2011-04-27.10:16:37	15	431	1
9	3	2011-04-27.10:16:41	14	430	1
12	3	2011-04-27.10:16:45	13	428	1
9	3	2011-04-27.10:16:49	13	428	1
9	3	2011-04-27.10:16:53	12	428	1
9	3	2011-04-27.10:16:57	11	428	1
21	6	2011-04-27.10:17:01	10	436	1
15	6	2011-04-27.10:17:05	9	434	1
9	3	2011-04-27.10:17:09	9	430	1
9	3	2011-04-27.10:17:13	8	430	1
12	3	2011-04-27.10:17:18	8	430	1
9	3	2011-04-27.10:17:22	7	430	1
12	3	2011-04-27.10:17:26	6	430	1
9	3	2011-04-27.10:17:30	6	430	1
9	3	2011-04-27.10:17:34	6	430	1
9	3	2011-04-27.10:17:38	5	430	1
9	3	2011-04-27.10:17:42	5	430	1
12	6	2011-04-27.10:17:46	5	428	1
9	3	2011-04-27.10:17:50	4	428	1
12	3	2011-04-27.10:17:54	4	428	1
9	3	2011-04-27.10:17:58	4	428	1
21	6	2011-04-27.10:18:02	4	436	1
9	3	2011-04-27.10:18:06	3	430	1
9	3	2011-04-27.10:18:10	3	430	1
9	3	2011-04-27.10:18:14	3	430	1
9	3	2011-04-27.10:18:18	3	430	1
9	3	2011-04-27.10:18:23	2	430	1
12	6	2011-04-27.10:18:27	2	430	1
9	3	2011-04-27.10:18:31	2	430	1
15	6	2011-04-27.10:18:35	2	430	1
12	3	2011-04-27.10:18:39	2	430	1
12	3	2011-04-27.10:18:43	2	430	1
15	6	2011-04-27.10:18:47	2	428	1
9	3	2011-04-27.10:18:51	1	428	1
9	3	2011-04-27.10:18:55	1	428	1
9	3	2011-04-27.10:18:59	1	428	1
21	6	2011-04-27.10:19:03	1	434	1
9	3	2011-04-27.10:19:07	1	430	1
9	3	2011-04-27.10:19:11	1	430	1
12	3	2011-04-27.10:19:15	1	430	1
9	3	2011-04-27.10:19:19	1	430	1
9	3	2011-04-27.10:19:23	1	430	1
9	3	2011-04-27.10:19:28	1	430	1
9	3	2011-04-27.10:19:32	1	430	1
9	3	2011-04-27.10:19:36	8	430	1
9	3	2011-04-27.10:19:40	8	430	1
9	3	2011-04-27.10:19:44	8	430	1
9	3	2011-04-27.10:19:48	7	428	1
9	3	2011-04-27.10:19:52	7	428	1
12	3	2011-04-27.10:19:56	14	428	1
9	3	2011-04-27.10:20:00	13	428	1
27	6	2011-04-27.10:20:04	13	434	1
12	6	2011-04-27.10:20:08	20	430	1
9	3	2011-04-27.10:20:12	18	430	1
12	6	2011-04-27.10:20:16	17	430	1
9	3	2011-04-27.10:20:20	15	430	1
9	3	2011-04-27.10:20:24	15	430	1
9	3	2011-04-27.10:20:28	14	430	1
9	3	2011-04-27.10:20:33	13	430	1
15	6	2011-04-27.10:20:37	12	430	1
9	3	2011-04-27.10:20:41	11	430	1
9	3	2011-04-27.10:20:45	11	430	1
9	3	2011-04-27.10:20:49	10	428	1
9	3	2011-04-27.10:20:53	9	428	1
9	3	2011-04-27.10:20:57	8	429	1
9	3	2011-04-27.10:21:01	8	428	1
21	6	2011-04-27.10:21:05	7	434	1
9	3	2011-04-27.10:21:09	7	430	1
9	3	2011-04-27.10:21:13	6	430	1
12	3	2011-04-27.10:21:17	6	430	1
9	3	2011-04-27.10:21:21	5	430	1
9	3	2011-04-27.10:21:25	5	430	1
9	3	2011-04-27.10:21:29	5	430	1
9	3	2011-04-27.10:21:33	5	430	1
9	3	2011-04-27.10:21:38	4	430	1
9	3	2011-04-27.10:21:42	4	430	1
12	3	2011-04-27.10:21:46	4	428	1
9	3	2011-04-27.10:21:50	4	428	1
9	3	2011-04-27.10:21:54	3	428	1
15	6	2011-04-27.10:21:58	3	428	1
21	6	2011-04-27.10:22:02	3	436	1
9	3	2011-04-27.10:22:06	26	434	1
9	3	2011-04-27.10:22:10	24	430	1
9	3	2011-04-27.10:22:14	24	430	1
9	3	2011-04-27.10:22:18	30	430	1
9	3	2011-04-27.10:22:22	28	430	1
9	3	2011-04-27.10:22:26	34	430	1
9	3	2011-04-27.10:22:30	31	430	1
9	3	2011-04-27.10:22:34	31	430	1
12	3	2011-04-27.10:22:38	36	430	1
9	3	2011-04-27.10:22:43	34	430	1
12	3	2011-04-27.10:22:47	31	428	1
9	3	2011-04-27.10:22:51	28	428	1
9	3	2011-04-27.10:22:55	28	428	1
15	6	2011-04-27.10:22:59	34	429	3
27	6	2011-04-27.10:23:04	31	434	3
30	9	2011-04-27.10:23:08	37	430	3
15	6	2011-04-27.10:23:13	34	430	3
15	6	2011-04-27.10:23:17	31	430	3
12	3	2011-04-27.10:23:22	29	430	3
15	6	2011-04-27.10:23:26	26	430	3
12	3	2011-04-27.10:23:31	24	430	3
15	6	2011-04-27.10:23:36	22	430	3
12	3	2011-04-27.10:23:40	20	430	3
27	6	2011-04-27.10:23:45	20	429	3
30	9	2011-04-27.10:23:49	35	428	3
15	3	2011-04-27.10:23:54	32	430	3
18	6	2011-04-27.10:23:58	37	430	3
24	6	2011-04-27.10:24:03	34	434	3
39	12	2011-04-27.10:24:08	40	431	5
15	6	2011-04-27.10:24:12	60	432	5
15	6	2011-04-27.10:24:17	64	432	5
51	18	2011-04-27.10:24:21	74	437	10
21	6	2011-04-27.10:24:26	68	436	10
21	6	2011-04-27.10:24:30	63	435	10
18	6	2011-04-27.10:24:35	58	435	10
24	6	2011-04-27.10:24:40	58	435	10
24	6	2011-04-27.10:24:44	53	435	10
27	6	2011-04-27.10:24:49	49	435	5
18	6	2011-04-27.10:24:53	45	435	5
18	6	2011-04-27.10:24:58	49	433	5
36	6	2011-04-27.10:25:02	45	441	5
24	6	2011-04-27.10:25:07	50	435	5
24	6	2011-04-27.10:25:12	46	435	5
21	6	2011-04-27.10:25:16	42	435	5
18	6	2011-04-27.10:25:21	39	435	5
15	6	2011-04-27.10:25:25	44	435	5
18	6	2011-04-27.10:25:30	40	435	5
18	6	2011-04-27.10:25:34	40	435	5
15	6	2011-04-27.10:25:39	45	435	5
21	6	2011-04-27.10:25:44	41	435	5
18	6	2011-04-27.10:25:48	38	433	5
18	6	2011-04-27.10:25:53	35	433	5
18	6	2011-04-27.10:25:57	40	433	5
24	6	2011-04-27.10:26:02	37	441	5
15	6	2011-04-27.10:26:06	34	435	5
18	6	2011-04-27.10:26:11	39	435	5
9	3	2011-04-27.10:26:16	36	435	5
15	6	2011-04-27.10:26:20	33	433	5
18	6	2011-04-27.10:26:25	33	432	5
18	6	2011-04-27.10:26:29	38	432	5
15	6	2011-04-27.10:26:34	35	432	5
18	6	2011-04-27.10:26:38	40	432	5
15	6	2011-04-27.10:26:43	37	432	5
15	6	2011-04-27.10:26:48	42	430	5
15	6	2011-04-27.10:26:52	39	430	5
15	6	2011-04-27.10:26:57	44	430	5
48	12	2011-04-27.10:27:01	48	443	7
27	6	2011-04-27.10:27:06	44	436	7
24	6	2011-04-27.10:27:10	41	432	7
39	9	2011-04-27.10:27:15	45	435	11
33	9	2011-04-27.10:27:20	45	437	7
15	6	2011-04-27.10:27:24	42	432	7
15	6	2011-04-27.10:27:29	38	432	7
15	6	2011-04-27.10:27:33	35	432	7
18	6	2011-04-27.10:27:38	32	432	7
21	6	2011-04-27.10:27:42	30	432	7
15	6	2011-04-27.10:27:47	27	430	7
18	6	2011-04-27.10:27:52	41	430	7
15	6	2011-04-27.10:27:56	38	430	7
15	6	2011-04-27.10:28:01	35	430	7
27	9	2011-04-27.10:28:05	32	436	7
48	12	2011-04-27.10:28:10	29	437	12
30	9	2011-04-27.10:28:14	29	440	11
42	12	2011-04-27.10:28:19	35	436	12
21	6	2011-04-27.10:28:24	32	436	12
24	9	2011-04-27.10:28:28	30	435	13
30	6	2011-04-27.10:28:33	35	439	8
42	12	2011-04-27.10:28:37	32	437	10
12	6	2011-04-27.10:28:42	30	435	10
18	6	2011-04-27.10:28:47	27	433	9
18	6	2011-04-27.10:28:51	25	433	9
18	6	2011-04-27.10:28:56	39	433	9
18	6	2011-04-27.10:29:00	44	435	7
21	6	2011-04-27.10:29:05	40	441	7
12	6	2011-04-27.10:29:09	40	435	7
18	6	2011-04-27.10:29:14	37	435	7
30	6	2011-04-27.10:29:19	34	435	7
15	6	2011-04-27.10:29:23	31	435	7
18	6	2011-04-27.10:29:28	29	436	8
21	6	2011-04-27.10:29:32	27	435	8
39	9	2011-04-27.10:29:37	32	438	10
18	6	2011-04-27.10:29:41	30	440	7
15	6	2011-04-27.10:29:46	27	433	7
21	6	2011-04-27.10:29:51	25	433	7
18	6	2011-04-27.10:29:55	23	433	7
54	18	2011-04-27.10:30:00	23	438	12
36	9	2011-04-27.10:30:04	21	442	12
21	6	2011-04-27.10:30:09	20	438	12
18	6	2011-04-27.10:30:13	18	435	12
18	6	2011-04-27.10:30:18	24	435	12
15	6	2011-04-27.10:30:23	22	435	12
18	6	2011-04-27.10:30:27	21	435	12
21	6	2011-04-27.10:30:32	19	435	12
15	6	2011-04-27.10:30:36	25	435	12
24	6	2011-04-27.10:30:41	31	435	12
18	6	2011-04-27.10:30:46	29	433	12
24	6	2011-04-27.10:30:50	27	433	12
18	6	2011-04-27.10:30:55	27	433	12
21	6	2011-04-27.10:30:59	24	433	12
21	6	2011-04-27.10:31:04	22	439	12
21	6	2011-04-27.10:31:08	21	435	12
18	6	2011-04-27.10:31:13	27	435	12
18	6	2011-04-27.10:31:18	25	435	12
18	6	2011-04-27.10:31:22	23	435	12
15	6	2011-04-27.10:31:27	21	435	12
21	9	2011-04-27.10:31:31	19	435	12
15	6	2011-04-27.10:31:36	18	435	12
18	6	2011-04-27.10:31:41	16	435	12
15	6	2011-04-27.10:31:45	15	433	12
15	6	2011-04-27.10:31:50	15	433	12
18	6	2011-04-27.10:31:54	14	433	12
18	6	2011-04-27.10:31:59	13	430	12
27	9	2011-04-27.10:32:03	12	436	12
15	6	2011-04-27.10:32:08	11	432	12
18	9	2011-04-27.10:32:13	10	432	12
15	6	2011-04-27.10:32:17	9	432	12
18	6	2011-04-27.10:32:22	8	432	12
18	6	2011-04-27.10:32:26	8	432	12
18	6	2011-04-27.10:32:31	7	433	13
42	12	2011-04-27.10:32:36	6	433	13
21	6	2011-04-27.10:32:40	6	433	13
18	6	2011-04-27.10:32:45	6	430	13
18	6	2011-04-27.10:32:49	21	430	13
15	6	2011-04-27.10:32:54	28	430	13
21	6	2011-04-27.10:32:59	33	430	13
27	9	2011-04-27.10:33:03	31	436	12
18	6	2011-04-27.10:33:08	28	432	12
18	6	2011-04-27.10:33:12	34	432	12
21	6	2011-04-27.10:33:17	31	432	12
21	6	2011-04-27.10:33:21	29	432	12
15	6	2011-04-27.10:33:26	26	432	12
18	9	2011-04-27.10:33:31	24	432	12
15	6	2011-04-27.10:33:35	30	432	12
18	6	2011-04-27.10:33:40	30	432	12
18	6	2011-04-27.10:33:44	44	432	12
18	6	2011-04-27.10:33:49	40	430	12
21	6	2011-04-27.10:33:54	45	430	12
21	6	2011-04-27.10:33:58	49	430	12
30	9	2011-04-27.10:34:03	45	438	12
18	6	2011-04-27.10:34:07	42	432	12
18	9	2011-04-27.10:34:12	38	432	12
15	6	2011-04-27.10:34:16	35	433	12
21	6	2011-04-27.10:34:21	32	433	12
18	6	2011-04-27.10:34:26	30	433	12
15	6	2011-04-27.10:34:30	27	433	12
21	6	2011-04-27.10:34:35	27	433	12
27	9	2011-04-27.10:34:39	25	433	12
15	6	2011-04-27.10:34:44	23	433	12
18	6	2011-04-27.10:34:48	21	431	12
18	9	2011-04-27.10:34:53	20	431	12
18	6	2011-04-27.10:34:58	26	431	12
33	9	2011-04-27.10:35:02	24	439	12
18	6	2011-04-27.10:35:07	22	433	12
12	6	2011-04-27.10:35:11	20	433	10
18	6	2011-04-27.10:35:16	18	433	10
15	6	2011-04-27.10:35:21	17	433	10
12	6	2011-04-27.10:35:25	24	433	10
12	6	2011-04-27.10:35:30	24	433	10
12	6	2011-04-27.10:35:34	30	433	10
12	6	2011-04-27.10:35:39	35	433	10
12	6	2011-04-27.10:35:43	33	433	10
12	6	2011-04-27.10:35:48	30	431	10
15	6	2011-04-27.10:35:53	27	431	10
15	6	2011-04-27.10:35:57	25	431	10
27	9	2011-04-27.10:36:02	23	439	10
15	6	2011-04-27.10:36:06	21	437	10
12	6	2011-04-27.10:36:11	20	434	10
12	6	2011-04-27.10:36:16	18	433	10
12	6	2011-04-27.10:36:20	16	433	10
12	6	2011-04-27.10:36:25	16	433	10
12	6	2011-04-27.10:36:29	15	433	10
18	6	2011-04-27.10:36:34	14	435	10
15	6	2011-04-27.10:36:38	13	435	10
15	6	2011-04-27.10:36:43	12	435	10
12	6	2011-04-27.10:36:48	11	433	10
12	6	2011-04-27.10:36:52	10	433	10
12	6	2011-04-27.10:36:57	9	433	10
21	9	2011-04-27.10:37:01	8	445	10
15	6	2011-04-27.10:37:06	8	439	10
36	6	2011-04-27.10:37:11	7	435	10
18	6	2011-04-27.10:37:15	6	435	10
21	6	2011-04-27.10:37:20	6	435	10
12	6	2011-04-27.10:37:24	6	435	10
12	6	2011-04-27.10:37:29	5	435	10
12	6	2011-04-27.10:37:33	5	435	10
12	6	2011-04-27.10:37:38	21	435	10
12	6	2011-04-27.10:37:43	19	435	10
12	6	2011-04-27.10:37:47	17	433	10
12	6	2011-04-27.10:37:52	24	431	10
18	6	2011-04-27.10:37:56	22	431	10
18	6	2011-04-27.10:38:01	20	431	10
24	9	2011-04-27.10:38:05	19	437	10
12	6	2011-04-27.10:38:10	17	433	10
12	6	2011-04-27.10:38:15	17	433	10
12	6	2011-04-27.10:38:19	16	433	10
12	6	2011-04-27.10:38:24	14	433	10
12	6	2011-04-27.10:38:28	13	433	10
12	6	2011-04-27.10:38:33	12	433	10
24	9	2011-04-27.10:38:38	11	433	10
15	6	2011-04-27.10:38:42	26	433	10
15	6	2011-04-27.10:38:47	32	431	10
12	6	2011-04-27.10:38:51	30	431	10
12	6	2011-04-27.10:38:56	27	431	10
12	6	2011-04-27.10:39:00	25	431	10
24	9	2011-04-27.10:39:05	23	437	10
12	6	2011-04-27.10:39:10	23	433	10
15	6	2011-04-27.10:39:14	21	434	10
15	6	2011-04-27.10:39:19	19	433	10
15	6	2011-04-27.10:39:23	18	433	10
15	6	2011-04-27.10:39:28	16	433	10
12	6	2011-04-27.10:39:32	15	433	10
12	6	2011-04-27.10:39:37	14	433	10
15	6	2011-04-27.10:39:42	13	433	10
12	6	2011-04-27.10:39:46	12	431	10
12	6	2011-04-27.10:39:51	11	431	10
21	9	2011-04-27.10:39:55	10	431	10
15	6	2011-04-27.10:40:00	9	431	10
30	9	2011-04-27.10:40:05	9	437	10
12	6	2011-04-27.10:40:09	8	433	10
15	6	2011-04-27.10:40:14	8	433	10
12	6	2011-04-27.10:40:18	7	433	10
15	6	2011-04-27.10:40:23	6	433	10
84	9	2011-04-27.10:40:27	14	433	10
27	6	2011-04-27.10:40:32	21	433	10
15	6	2011-04-27.10:40:37	19	433	10
18	6	2011-04-27.10:40:41	17	433	10
15	6	2011-04-27.10:40:46	24	431	10
12	6	2011-04-27.10:40:50	22	431	10
12	6	2011-04-27.10:40:55	20	431	10
12	6	2011-04-27.10:40:59	20	431	10
24	9	2011-04-27.10:41:04	19	437	10
15	6	2011-04-27.10:41:09	17	433	10
12	6	2011-04-27.10:41:13	16	433	10
21	6	2011-04-27.10:41:18	22	433	10
15	6	2011-04-27.10:41:22	29	433	10
12	6	2011-04-27.10:41:27	42	433	10
12	6	2011-04-27.10:41:32	47	433	10
12	6	2011-04-27.10:41:36	43	433	10
12	6	2011-04-27.10:41:41	40	433	10
63	9	2011-04-27.10:41:45	44	431	10
51	6	2011-04-27.10:41:50	41	431	10
12	6	2011-04-27.10:41:54	41	431	10
18	6	2011-04-27.10:41:59	38	431	10
24	9	2011-04-27.10:42:04	35	437	10
12	6	2011-04-27.10:42:08	32	433	10
12	6	2011-04-27.10:42:13	37	433	10
12	6	2011-04-27.10:42:17	34	433	10
12	6	2011-04-27.10:42:22	31	433	10
12	6	2011-04-27.10:42:26	45	433	10
12	6	2011-04-27.10:42:31	41	433	10
15	6	2011-04-27.10:42:36	38	433	10
15	6	2011-04-27.10:42:40	35	433	10
18	6	2011-04-27.10:42:45	32	433	10
12	6	2011-04-27.10:42:49	32	431	10
12	6	2011-04-27.10:42:54	29	431	10
12	6	2011-04-27.10:42:59	27	431	10
27	9	2011-04-27.10:43:03	25	437	10
84	9	2011-04-27.10:43:08	31	433	10
21	6	2011-04-27.10:43:12	28	433	10
15	6	2011-04-27.10:43:17	26	433	10
15	6	2011-04-27.10:43:21	24	432	10
18	6	2011-04-27.10:43:26	46	432	10
12	6	2011-04-27.10:43:31	50	432	10
12	6	2011-04-27.10:43:35	54	432	10
12	6	2011-04-27.10:43:40	50	432	10
12	6	2011-04-27.10:43:44	50	432	10
15	6	2011-04-27.10:43:49	54	431	10
12	6	2011-04-27.10:43:54	50	431	10
15	6	2011-04-27.10:43:58	46	431	10
30	9	2011-04-27.10:44:03	42	439	10
15	6	2011-04-27.10:44:07	39	433	10
12	6	2011-04-27.10:44:12	35	433	10
12	6	2011-04-27.10:44:16	33	433	10
12	6	2011-04-27.10:44:21	30	433	10
15	6	2011-04-27.10:44:26	27	433	10
12	6	2011-04-27.10:44:30	25	433	10
12	6	2011-04-27.10:44:35	23	433	10
18	6	2011-04-27.10:44:39	23	433	10
15	6	2011-04-27.10:44:44	37	433	10
12	6	2011-04-27.10:44:48	50	431	10
12	6	2011-04-27.10:44:53	46	431	10
12	6	2011-04-27.10:44:58	43	431	10
21	6	2011-04-27.10:45:02	39	439	10
15	6	2011-04-27.10:45:07	36	433	10
12	6	2011-04-27.10:45:11	41	433	10
15	6	2011-04-27.10:45:16	38	435	10
18	6	2011-04-27.10:45:21	35	435	10
15	6	2011-04-27.10:45:25	32	435	10
12	6	2011-04-27.10:45:30	32	435	10
12	6	2011-04-27.10:45:34	37	435	10
12	6	2011-04-27.10:45:39	34	435	10
12	6	2011-04-27.10:45:43	40	435	10
15	6	2011-04-27.10:45:48	44	433	10
12	6	2011-04-27.10:45:53	41	433	10
18	6	2011-04-27.10:45:57	38	434	10
27	9	2011-04-27.10:46:02	35	442	10
18	6	2011-04-27.10:46:06	40	438	10
12	6	2011-04-27.10:46:11	37	436	10
12	6	2011-04-27.10:46:16	42	436	10
12	6	2011-04-27.10:46:20	46	436	10
12	6	2011-04-27.10:46:25	46	436	10
21	6	2011-04-27.10:46:29	43	437	10
45	9	2011-04-27.10:46:34	47	436	10
15	6	2011-04-27.10:46:38	43	436	10
15	6	2011-04-27.10:46:43	48	436	10
15	6	2011-04-27.10:46:48	44	434	10
12	6	2011-04-27.10:46:52	40	434	10
12	6	2011-04-27.10:46:57	37	434	10
12	6	2011-04-27.10:47:01	34	434	10
24	9	2011-04-27.10:47:06	31	440	10
12	6	2011-04-27.10:47:10	29	436	10
12	6	2011-04-27.10:47:15	27	436	10
15	6	2011-04-27.10:47:20	27	436	10
18	6	2011-04-27.10:47:24	24	436	10
12	6	2011-04-27.10:47:29	22	436	10
12	6	2011-04-27.10:47:33	21	436	10
12	6	2011-04-27.10:47:38	19	436	10
12	6	2011-04-27.10:47:43	17	436	10
18	6	2011-04-27.10:47:47	40	434	10
12	6	2011-04-27.10:47:52	37	434	10
18	9	2011-04-27.10:47:56	34	433	10
18	6	2011-04-27.10:48:01	31	433	10
24	9	2011-04-27.10:48:05	37	439	10
12	6	2011-04-27.10:48:10	34	435	10
12	6	2011-04-27.10:48:15	34	435	10
12	6	2011-04-27.10:48:19	31	435	10
12	6	2011-04-27.10:48:24	28	436	10
12	6	2011-04-27.10:48:28	26	435	10
12	6	2011-04-27.10:48:33	24	435	10
12	6	2011-04-27.10:48:38	22	435	10
18	6	2011-04-27.10:48:42	20	435	10
18	6	2011-04-27.10:48:47	19	433	10
15	6	2011-04-27.10:48:51	17	433	10
15	6	2011-04-27.10:48:56	16	433	10
12	6	2011-04-27.10:49:00	14	433	10
27	9	2011-04-27.10:49:05	13	439	10
15	6	2011-04-27.10:49:10	13	435	10
12	6	2011-04-27.10:49:14	12	435	10
15	6	2011-04-27.10:49:19	11	435	10
15	6	2011-04-27.10:49:23	10	435	10
18	6	2011-04-27.10:49:28	9	435	10
12	6	2011-04-27.10:49:32	25	435	10
12	6	2011-04-27.10:49:37	23	435	10
12	6	2011-04-27.10:49:42	21	435	10
12	6	2011-04-27.10:49:46	19	433	10
12	6	2011-04-27.10:49:51	18	433	10
12	6	2011-04-27.10:49:55	16	433	10
15	6	2011-04-27.10:50:00	31	433	10
33	9	2011-04-27.10:50:05	31	439	10
15	6	2011-04-27.10:50:09	28	435	10
12	6	2011-04-27.10:50:14	26	435	10
12	6	2011-04-27.10:50:18	24	435	10
12	6	2011-04-27.10:50:23	22	435	10
12	6	2011-04-27.10:50:27	20	435	10
12	6	2011-04-27.10:50:32	18	435	10
12	6	2011-04-27.10:50:37	17	435	10
18	6	2011-04-27.10:50:41	16	435	10
18	6	2011-04-27.10:50:46	22	433	10
12	6	2011-04-27.10:50:50	21	433	10
12	6	2011-04-27.10:50:55	35	433	10
12	6	2011-04-27.10:50:59	35	433	10
21	6	2011-04-27.10:51:04	32	439	10
15	6	2011-04-27.10:51:09	29	435	10
12	6	2011-04-27.10:51:13	27	435	10
12	6	2011-04-27.10:51:18	25	435	10
18	6	2011-04-27.10:51:22	23	435	10
27	12	2011-04-27.10:51:27	21	436	11
12	6	2011-04-27.10:51:32	19	436	11
15	9	2011-04-27.10:51:36	18	436	11
15	9	2011-04-27.10:51:41	16	436	10
12	6	2011-04-27.10:51:45	15	434	10
15	9	2011-04-27.10:51:50	14	434	10
15	6	2011-04-27.10:51:54	14	434	10
15	6	2011-04-27.10:51:59	13	434	10
33	9	2011-04-27.10:52:04	12	441	11
18	6	2011-04-27.10:52:08	11	437	11
12	6	2011-04-27.10:52:13	10	437	11
12	6	2011-04-27.10:52:17	17	437	11
12	6	2011-04-27.10:52:22	16	437	11
12	6	2011-04-27.10:52:27	14	437	11
15	6	2011-04-27.10:52:31	13	437	11
12	6	2011-04-27.10:52:36	12	437	11
15	6	2011-04-27.10:52:40	11	436	11
18	6	2011-04-27.10:52:45	26	436	11
18	6	2011-04-27.10:52:49	26	434	11
12	6	2011-04-27.10:52:54	32	434	11
12	6	2011-04-27.10:52:59	29	433	10
24	9	2011-04-27.10:53:03	35	438	10
15	6	2011-04-27.10:53:08	32	434	10
12	6	2011-04-27.10:53:12	30	434	10
12	6	2011-04-27.10:53:17	35	434	10
15	6	2011-04-27.10:53:21	40	434	10
18	6	2011-04-27.10:53:26	37	433	10
12	6	2011-04-27.10:53:31	50	433	10
12	6	2011-04-27.10:53:35	46	433	10
12	6	2011-04-27.10:53:40	42	433	10
12	6	2011-04-27.10:53:44	42	433	10
15	6	2011-04-27.10:53:49	39	431	10
12	6	2011-04-27.10:53:54	36	431	10
12	6	2011-04-27.10:53:58	33	431	10
30	9	2011-04-27.10:54:03	30	439	10
18	6	2011-04-27.10:54:07	44	433	10
12	6	2011-04-27.10:54:12	40	433	10
12	6	2011-04-27.10:54:16	37	433	10
12	6	2011-04-27.10:54:21	34	433	10
12	6	2011-04-27.10:54:26	39	433	10
12	6	2011-04-27.10:54:30	44	433	10
12	6	2011-04-27.10:54:35	41	433	10
12	6	2011-04-27.10:54:39	41	433	10
18	6	2011-04-27.10:54:44	37	433	10
15	6	2011-04-27.10:54:49	42	431	10
12	6	2011-04-27.10:54:53	47	431	10
12	6	2011-04-27.10:54:58	51	431	10
27	9	2011-04-27.10:55:02	55	439	10
87	9	2011-04-27.10:55:07	67	433	10
27	6	2011-04-27.10:55:11	61	433	10
12	6	2011-04-27.10:55:16	56	433	10
15	6	2011-04-27.10:55:21	52	433	10
15	6	2011-04-27.10:55:25	56	433	10
15	6	2011-04-27.10:55:30	51	433	10
12	6	2011-04-27.10:55:34	51	433	10
12	6	2011-04-27.10:55:39	47	433	10
12	6	2011-04-27.10:55:43	43	433	10
69	9	2011-04-27.10:55:48	56	431	10
42	6	2011-04-27.10:55:53	59	429	10
12	6	2011-04-27.10:55:57	55	429	10
24	6	2011-04-27.10:56:02	50	437	10
18	6	2011-04-27.10:56:06	54	435	10
18	6	2011-04-27.10:56:11	50	431	10
12	6	2011-04-27.10:56:15	46	431	10
12	6	2011-04-27.10:56:20	42	431	10
12	6	2011-04-27.10:56:25	42	431	10
12	6	2011-04-27.10:56:29	55	431	10
12	6	2011-04-27.10:56:34	50	431	10
12	6	2011-04-27.10:56:38	46	431	10
15	6	2011-04-27.10:56:43	43	431	10
75	9	2011-04-27.10:56:48	55	429	10
42	6	2011-04-27.10:56:52	67	429	10
12	6	2011-04-27.10:56:57	69	429	10
12	6	2011-04-27.10:57:01	72	429	10
21	6	2011-04-27.10:57:06	66	435	10
12	6	2011-04-27.10:57:10	61	431	10
15	6	2011-04-27.10:57:15	56	431	10
12	6	2011-04-27.10:57:20	56	431	10
18	6	2011-04-27.10:57:24	51	431	10
15	6	2011-04-27.10:57:29	47	431	10
12	6	2011-04-27.10:57:33	43	431	10
12	6	2011-04-27.10:57:38	56	431	10
12	6	2011-04-27.10:57:42	59	433	10
15	6	2011-04-27.10:57:47	55	431	10
12	6	2011-04-27.10:57:52	50	431	10
12	6	2011-04-27.10:57:56	46	431	10
21	9	2011-04-27.10:58:01	42	439	10
21	9	2011-04-27.10:58:05	39	437	10
15	6	2011-04-27.10:58:10	36	433	10
12	6	2011-04-27.10:58:15	36	433	10
12	6	2011-04-27.10:58:19	33	433	10
12	6	2011-04-27.10:58:24	30	433	10
12	6	2011-04-27.10:58:28	28	433	10
12	6	2011-04-27.10:58:33	26	433	10
12	6	2011-04-27.10:58:37	24	433	10
15	6	2011-04-27.10:58:42	22	433	10
18	6	2011-04-27.10:58:47	20	431	10
24	6	2011-04-27.10:58:51	18	431	10
84	9	2011-04-27.10:58:56	25	431	10
18	6	2011-04-27.10:59:00	23	431	10
24	9	2011-04-27.10:59:05	21	437	10
12	6	2011-04-27.10:59:09	21	433	10
12	6	2011-04-27.10:59:14	19	433	10
12	6	2011-04-27.10:59:19	18	433	10
15	6	2011-04-27.10:59:23	16	433	10
15	6	2011-04-27.10:59:28	15	433	10
15	6	2011-04-27.10:59:32	14	433	10
12	6	2011-04-27.10:59:37	13	433	10
12	6	2011-04-27.10:59:42	20	433	10
12	6	2011-04-27.10:59:46	26	431	10
12	6	2011-04-27.10:59:51	24	431	10
12	6	2011-04-27.10:59:55	22	431	10
12	6	2011-04-27.11:00:00	28	431	10
33	12	2011-04-27.11:00:04	28	437	10
24	9	2011-04-27.11:00:09	34	433	10
15	9	2011-04-27.11:00:14	31	433	10
18	9	2011-04-27.11:00:18	29	434	11
18	6	2011-04-27.11:00:23	34	434	11
18	9	2011-04-27.11:00:27	40	434	11
12	6	2011-04-27.11:00:32	44	434	11
12	6	2011-04-27.11:00:36	49	434	11
12	6	2011-04-27.11:00:41	45	434	11
21	6	2011-04-27.11:00:46	41	431	10
15	6	2011-04-27.11:00:50	54	431	10
12	6	2011-04-27.11:00:55	50	431	10
12	6	2011-04-27.11:00:59	50	431	10
24	9	2011-04-27.11:01:04	46	437	10
12	6	2011-04-27.11:01:09	42	433	10
15	6	2011-04-27.11:01:13	39	433	10
12	6	2011-04-27.11:01:18	35	433	10
12	6	2011-04-27.11:01:22	49	433	10
21	6	2011-04-27.11:01:27	45	433	10
18	6	2011-04-27.11:01:31	41	434	12
36	12	2011-04-27.11:01:36	46	434	12
15	6	2011-04-27.11:01:41	42	433	12
15	6	2011-04-27.11:01:45	39	431	12
12	6	2011-04-27.11:01:50	36	431	12
15	6	2011-04-27.11:01:54	36	431	12
18	6	2011-04-27.11:01:59	33	431	12
27	9	2011-04-27.11:02:04	30	437	12
57	12	2011-04-27.11:02:08	36	438	17
24	9	2011-04-27.11:02:13	33	436	17
27	9	2011-04-27.11:02:17	30	436	17
12	6	2011-04-27.11:02:22	28	436	17
18	9	2011-04-27.11:02:26	25	436	17
18	9	2011-04-27.11:02:31	23	436	17
15	6	2011-04-27.11:02:36	21	436	17
24	9	2011-04-27.11:02:40	20	440	12
24	9	2011-04-27.11:02:45	18	440	12
72	9	2011-04-27.11:02:49	18	434	12
54	6	2011-04-27.11:02:54	33	434	12
15	6	2011-04-27.11:02:59	38	434	12
24	9	2011-04-27.11:03:03	35	442	12
18	9	2011-04-27.11:03:08	48	436	12
12	6	2011-04-27.11:03:12	52	436	12
15	6	2011-04-27.11:03:17	48	436	12
21	9	2011-04-27.11:03:22	44	436	12
27	9	2011-04-27.11:03:26	41	436	12
21	9	2011-04-27.11:03:31	45	436	12
18	9	2011-04-27.11:03:35	50	436	12
15	6	2011-04-27.11:03:40	46	436	12
12	6	2011-04-27.11:03:44	46	436	12
15	6	2011-04-27.11:03:49	42	434	12
12	6	2011-04-27.11:03:54	39	434	12
15	6	2011-04-27.11:03:58	36	434	12
24	9	2011-04-27.11:04:03	33	442	12
30	9	2011-04-27.11:04:07	30	433	12
21	9	2011-04-27.11:04:12	28	433	12
12	6	2011-04-27.11:04:17	25	433	12
18	9	2011-04-27.11:04:21	31	433	12
18	6	2011-04-27.11:04:26	29	433	12
15	6	2011-04-27.11:04:30	26	433	12
12	6	2011-04-27.11:04:35	24	433	12
18	9	2011-04-27.11:04:39	24	433	12
18	9	2011-04-27.11:04:44	22	433	12
21	6	2011-04-27.11:04:49	20	431	12
15	6	2011-04-27.11:04:53	19	431	12
12	6	2011-04-27.11:04:58	17	431	12
27	9	2011-04-27.11:05:02	16	439	12
18	9	2011-04-27.11:05:07	23	433	12
12	6	2011-04-27.11:05:12	21	433	12
18	9	2011-04-27.11:05:16	19	433	12
12	6	2011-04-27.11:05:21	17	433	12
18	6	2011-04-27.11:05:25	16	433	12
24	9	2011-04-27.11:05:30	15	433	12
15	6	2011-04-27.11:05:34	15	433	12
18	6	2011-04-27.11:05:39	14	433	12
12	6	2011-04-27.11:05:44	36	433	12
15	6	2011-04-27.11:05:48	41	431	12
21	9	2011-04-27.11:05:53	38	431	12
18	9	2011-04-27.11:05:57	35	431	12
27	12	2011-04-27.11:06:02	32	439	12
24	9	2011-04-27.11:06:07	30	433	12
27	9	2011-04-27.11:06:11	35	433	12
21	9	2011-04-27.11:06:16	40	433	12
18	9	2011-04-27.11:06:20	37	433	12
12	6	2011-04-27.11:06:25	34	433	12
12	6	2011-04-27.11:06:29	34	433	12
12	6	2011-04-27.11:06:34	31	433	12
12	6	2011-04-27.11:06:39	29	433	12
15	6	2011-04-27.11:06:43	27	434	12
24	9	2011-04-27.11:06:48	32	431	12
24	9	2011-04-27.11:06:52	30	431	12
15	6	2011-04-27.11:06:57	27	431	12
21	6	2011-04-27.11:07:02	25	439	12
15	6	2011-04-27.11:07:06	23	433	12
12	6	2011-04-27.11:07:11	21	433	12
12	6	2011-04-27.11:07:15	20	433	12
12	6	2011-04-27.11:07:20	18	433	12
12	6	2011-04-27.11:07:24	18	433	12
24	6	2011-04-27.11:07:29	16	433	12
15	6	2011-04-27.11:07:34	23	433	12
12	6	2011-04-27.11:07:38	21	433	12
15	6	2011-04-27.11:07:43	20	433	12
15	6	2011-04-27.11:07:47	18	431	12
12	6	2011-04-27.11:07:52	16	431	12
12	6	2011-04-27.11:07:57	31	431	12
24	9	2011-04-27.11:08:01	29	439	12
18	6	2011-04-27.11:08:06	26	437	12
24	9	2011-04-27.11:08:10	24	433	12
15	6	2011-04-27.11:08:15	22	433	12
12	6	2011-04-27.11:08:19	22	433	12
18	9	2011-04-27.11:08:24	28	433	12
15	6	2011-04-27.11:08:29	50	433	12
15	9	2011-04-27.11:08:33	46	433	12
15	6	2011-04-27.11:08:38	42	433	12
12	6	2011-04-27.11:08:42	39	433	12
18	6	2011-04-27.11:08:47	36	431	12
24	9	2011-04-27.11:08:52	33	431	12
18	6	2011-04-27.11:08:56	30	431	12
12	6	2011-04-27.11:09:01	28	431	12
21	6	2011-04-27.11:09:05	26	437	12
12	6	2011-04-27.11:09:10	24	433	12
15	9	2011-04-27.11:09:14	24	433	12
15	6	2011-04-27.11:09:19	22	433	12
12	6	2011-04-27.11:09:24	20	433	12
21	6	2011-04-27.11:09:28	18	433	12
21	6	2011-04-27.11:09:33	17	433	12
21	9	2011-04-27.11:09:37	15	433	12
15	6	2011-04-27.11:09:42	14	433	12
15	6	2011-04-27.11:09:47	13	431	12
12	6	2011-04-27.11:09:51	12	431	12
12	6	2011-04-27.11:09:56	11	431	12
15	6	2011-04-27.11:10:00	18	431	12
27	9	2011-04-27.11:10:05	17	437	12
21	6	2011-04-27.11:10:09	17	433	12
24	9	2011-04-27.11:10:14	31	433	12
12	6	2011-04-27.11:10:19	29	433	12
15	6	2011-04-27.11:10:23	34	433	12
15	6	2011-04-27.11:10:28	32	433	12
12	6	2011-04-27.11:10:32	29	433	12
12	6	2011-04-27.11:10:37	35	433	12
15	6	2011-04-27.11:10:42	32	433	12
15	6	2011-04-27.11:10:46	29	431	12
21	6	2011-04-27.11:10:51	27	431	12
18	6	2011-04-27.11:10:55	33	431	12
12	6	2011-04-27.11:11:00	30	431	12
27	9	2011-04-27.11:11:04	30	437	12
15	6	2011-04-27.11:11:09	28	433	12
12	6	2011-04-27.11:11:14	25	433	12
15	6	2011-04-27.11:11:18	23	433	12
15	6	2011-04-27.11:11:23	29	433	12
18	6	2011-04-27.11:11:27	27	433	12
18	6	2011-04-27.11:11:32	25	433	12
18	6	2011-04-27.11:11:37	39	433	12
12	6	2011-04-27.11:11:41	44	433	12
12	6	2011-04-27.11:11:46	40	431	12
15	6	2011-04-27.11:11:50	37	431	12
12	6	2011-04-27.11:11:55	34	431	12
15	6	2011-04-27.11:11:59	34	431	12
24	9	2011-04-27.11:12:04	31	437	12
18	6	2011-04-27.11:12:09	29	433	12
27	9	2011-04-27.11:12:13	34	433	12
12	6	2011-04-27.11:12:18	32	433	12
12	6	2011-04-27.11:12:22	29	433	12
12	6	2011-04-27.11:12:27	43	433	12
12	6	2011-04-27.11:12:32	39	433	12
18	9	2011-04-27.11:12:36	36	433	12
12	6	2011-04-27.11:12:41	33	433	12
12	6	2011-04-27.11:12:45	31	433	12
21	6	2011-04-27.11:12:50	36	431	12
21	6	2011-04-27.11:12:54	36	431	12
15	6	2011-04-27.11:12:59	33	431	12
24	9	2011-04-27.11:13:04	30	437	12
15	6	2011-04-27.11:13:08	28	433	12
15	9	2011-04-27.11:13:13	34	433	12
12	6	2011-04-27.11:13:17	31	433	12
12	6	2011-04-27.11:13:22	29	433	12
18	9	2011-04-27.11:13:27	26	433	12
24	6	2011-04-27.11:13:31	24	433	12
18	6	2011-04-27.11:13:36	22	433	12
15	6	2011-04-27.11:13:40	20	433	12
12	6	2011-04-27.11:13:45	19	433	12
15	6	2011-04-27.11:13:50	19	431	12
12	6	2011-04-27.11:13:54	33	431	12
15	6	2011-04-27.11:13:59	30	431	12
24	9	2011-04-27.11:14:03	28	437	12
18	6	2011-04-27.11:14:08	26	433	12
24	9	2011-04-27.11:14:12	24	433	12
21	9	2011-04-27.11:14:17	30	433	12
15	6	2011-04-27.11:14:22	27	433	12
18	9	2011-04-27.11:14:26	25	433	12
12	6	2011-04-27.11:14:31	23	433	12
15	6	2011-04-27.11:14:35	21	433	12
12	6	2011-04-27.11:14:40	20	433	12
15	6	2011-04-27.11:14:45	34	433	12
18	6	2011-04-27.11:14:49	34	431	12
21	6	2011-04-27.11:14:54	39	431	12
15	6	2011-04-27.11:14:58	36	432	12
33	9	2011-04-27.11:15:03	33	439	12
18	6	2011-04-27.11:15:07	30	435	10
12	6	2011-04-27.11:15:12	28	435	10
12	6	2011-04-27.11:15:17	26	433	10
12	6	2011-04-27.11:15:21	24	433	10
12	6	2011-04-27.11:15:26	22	433	10
18	6	2011-04-27.11:15:30	28	433	10
21	6	2011-04-27.11:15:35	26	433	10
12	6	2011-04-27.11:15:39	26	433	10
12	6	2011-04-27.11:15:44	40	433	10
12	6	2011-04-27.11:15:49	36	431	10
12	6	2011-04-27.11:15:53	34	431	10
12	6	2011-04-27.11:15:58	31	431	10
21	6	2011-04-27.11:16:02	28	439	10
21	6	2011-04-27.11:16:07	26	433	10
30	12	2011-04-27.11:16:12	24	434	12
18	6	2011-04-27.11:16:16	30	434	12
15	6	2011-04-27.11:16:21	28	434	10
21	12	2011-04-27.11:16:25	25	435	12
12	6	2011-04-27.11:16:30	23	435	12
15	6	2011-04-27.11:16:34	23	435	12
15	6	2011-04-27.11:16:39	21	435	10
12	6	2011-04-27.11:16:44	20	435	10
12	6	2011-04-27.11:16:48	18	433	10
18	6	2011-04-27.11:16:53	17	433	10
18	6	2011-04-27.11:16:57	15	433	10
18	6	2011-04-27.11:17:02	22	441	10
15	6	2011-04-27.11:17:07	28	435	10
12	6	2011-04-27.11:17:11	26	435	10
12	6	2011-04-27.11:17:16	24	435	10
12	6	2011-04-27.11:17:20	22	435	10
15	6	2011-04-27.11:17:25	20	435	10
18	6	2011-04-27.11:17:29	20	435	10
15	6	2011-04-27.11:17:34	27	435	10
15	6	2011-04-27.11:17:39	24	435	10
12	6	2011-04-27.11:17:43	22	435	10
15	6	2011-04-27.11:17:48	21	433	10
12	6	2011-04-27.11:17:52	19	433	10
12	6	2011-04-27.11:17:57	17	433	10
21	6	2011-04-27.11:18:02	16	441	10
12	6	2011-04-27.11:18:06	15	439	10
15	6	2011-04-27.11:18:11	13	434	10
18	6	2011-04-27.11:18:15	20	434	10
12	6	2011-04-27.11:18:20	19	434	10
12	6	2011-04-27.11:18:24	19	433	10
12	6	2011-04-27.11:18:29	17	433	10
12	6	2011-04-27.11:18:34	16	433	10
12	6	2011-04-27.11:18:38	14	433	10
12	6	2011-04-27.11:18:43	13	433	10
12	6	2011-04-27.11:18:47	12	431	10
21	6	2011-04-27.11:18:52	27	431	10
15	6	2011-04-27.11:18:56	25	431	10
18	6	2011-04-27.11:19:01	23	431	10
30	9	2011-04-27.11:19:06	29	437	10
15	6	2011-04-27.11:19:10	27	433	10
15	6	2011-04-27.11:19:15	25	433	10
15	6	2011-04-27.11:19:19	25	433	10
24	6	2011-04-27.11:19:24	23	433	10
15	6	2011-04-27.11:19:29	21	433	10
21	6	2011-04-27.11:19:33	19	433	10
27	9	2011-04-27.11:19:38	18	433	10
15	6	2011-04-27.11:19:42	24	433	10
15	6	2011-04-27.11:19:47	30	431	10
15	6	2011-04-27.11:19:51	36	431	10
12	6	2011-04-27.11:19:56	33	431	10
12	6	2011-04-27.11:20:01	30	431	10
30	9	2011-04-27.11:20:05	28	437	10
15	6	2011-04-27.11:20:10	26	433	10
18	6	2011-04-27.11:20:14	26	433	10
21	6	2011-04-27.11:20:19	23	433	10
21	9	2011-04-27.11:20:24	22	433	10
18	6	2011-04-27.11:20:28	20	433	10
18	6	2011-04-27.11:20:33	18	433	10
21	9	2011-04-27.11:20:37	17	433	10
18	6	2011-04-27.11:20:42	15	433	10
12	6	2011-04-27.11:20:46	14	431	10
21	6	2011-04-27.11:20:51	13	431	10
24	6	2011-04-27.11:20:56	20	431	10
24	6	2011-04-27.11:21:00	18	431	10
27	9	2011-04-27.11:21:05	17	437	10
18	6	2011-04-27.11:21:09	17	433	10
12	6	2011-04-27.11:21:14	15	433	10
15	6	2011-04-27.11:21:19	14	433	10
12	6	2011-04-27.11:21:23	13	433	10
15	6	2011-04-27.11:21:28	12	433	10
18	6	2011-04-27.11:21:32	11	433	10
21	6	2011-04-27.11:21:37	10	433	10
15	6	2011-04-27.11:21:41	9	433	10
12	6	2011-04-27.11:21:46	8	431	10
15	6	2011-04-27.11:21:51	8	431	10
12	6	2011-04-27.11:21:55	7	432	10
15	6	2011-04-27.11:22:00	7	431	10
27	9	2011-04-27.11:22:04	7	437	10
12	6	2011-04-27.11:22:09	6	433	10
24	9	2011-04-27.11:22:13	6	433	10
18	6	2011-04-27.11:22:18	13	433	10
15	6	2011-04-27.11:22:23	20	433	10
12	6	2011-04-27.11:22:27	26	433	10
18	6	2011-04-27.11:22:32	24	433	10
15	6	2011-04-27.11:22:36	22	433	10
12	6	2011-04-27.11:22:41	20	433	10
12	6	2011-04-27.11:22:46	19	431	10
18	6	2011-04-27.11:22:50	17	431	10
21	6	2011-04-27.11:22:55	40	431	10
18	6	2011-04-27.11:22:59	40	431	10
30	9	2011-04-27.11:23:04	37	437	10
18	6	2011-04-27.11:23:08	34	433	10
18	6	2011-04-27.11:23:13	31	433	10
15	6	2011-04-27.11:23:18	28	433	10
12	6	2011-04-27.11:23:22	26	433	10
27	9	2011-04-27.11:23:27	32	433	10
18	6	2011-04-27.11:23:31	29	433	10
21	6	2011-04-27.11:23:36	27	433	10
18	6	2011-04-27.11:23:41	25	433	10
15	6	2011-04-27.11:23:45	23	431	10
18	6	2011-04-27.11:23:50	21	431	10
12	6	2011-04-27.11:23:54	21	431	10
12	6	2011-04-27.11:23:59	19	431	10
21	6	2011-04-27.11:24:03	18	437	10
21	6	2011-04-27.11:24:08	16	433	10
18	6	2011-04-27.11:24:13	15	433	10
24	6	2011-04-27.11:24:17	22	433	10
15	6	2011-04-27.11:24:22	20	433	10
15	6	2011-04-27.11:24:26	18	433	10
15	6	2011-04-27.11:24:31	25	433	10
18	6	2011-04-27.11:24:35	23	433	10
24	6	2011-04-27.11:24:40	21	433	10
12	6	2011-04-27.11:24:45	19	433	10
51	12	2011-04-27.11:24:49	19	431	10
51	12	2011-04-27.11:24:54	18	431	10
36	9	2011-04-27.11:24:58	16	431	10
42	9	2011-04-27.11:25:03	15	439	10
27	9	2011-04-27.11:25:08	14	433	10
30	9	2011-04-27.11:25:12	21	433	10
27	9	2011-04-27.11:25:17	19	433	10
21	6	2011-04-27.11:25:21	17	433	10
30	6	2011-04-27.11:25:26	16	433	10
42	9	2011-04-27.11:25:30	15	433	10
45	9	2011-04-27.11:25:35	21	433	10
30	9	2011-04-27.11:25:40	36	433	10
24	9	2011-04-27.11:25:44	36	433	10
27	6	2011-04-27.11:25:49	41	431	10
21	6	2011-04-27.11:25:53	38	431	10
27	9	2011-04-27.11:25:58	35	431	10
33	9	2011-04-27.11:26:02	32	439	10
24	6	2011-04-27.11:26:07	29	433	10
27	6	2011-04-27.11:26:12	27	433	10
36	9	2011-04-27.11:26:16	33	433	10
30	9	2011-04-27.11:26:21	30	433	10
24	6	2011-04-27.11:26:25	28	434	10
27	9	2011-04-27.11:26:30	25	433	10
21	6	2011-04-27.11:26:35	23	433	10
27	9	2011-04-27.11:26:39	23	433	10
24	6	2011-04-27.11:26:44	21	433	10
24	6	2011-04-27.11:26:48	20	431	10
33	9	2011-04-27.11:26:53	18	431	10
27	6	2011-04-27.11:26:57	17	431	10
36	9	2011-04-27.11:27:02	15	439	10
21	6	2011-04-27.11:27:07	14	433	10
24	6	2011-04-27.11:27:11	13	433	10
27	9	2011-04-27.11:27:16	12	433	10
21	6	2011-04-27.11:27:20	11	433	10
24	6	2011-04-27.11:27:25	10	433	10
30	9	2011-04-27.11:27:29	9	433	10
30	9	2011-04-27.11:27:34	9	433	10
33	9	2011-04-27.11:27:39	8	433	10
27	6	2011-04-27.11:27:43	8	433	10
27	6	2011-04-27.11:27:48	15	431	10
24	6	2011-04-27.11:27:52	22	431	10
24	6	2011-04-27.11:27:57	28	431	10
33	9	2011-04-27.11:28:02	34	439	10
24	6	2011-04-27.11:28:06	31	433	10
27	6	2011-04-27.11:28:11	37	433	10
33	9	2011-04-27.11:28:15	34	433	10
36	9	2011-04-27.11:28:20	31	433	10
21	6	2011-04-27.11:28:24	31	434	10
27	9	2011-04-27.11:28:29	44	433	10
24	6	2011-04-27.11:28:34	41	433	10
27	9	2011-04-27.11:28:38	38	433	10
24	6	2011-04-27.11:28:43	35	433	10
24	6	2011-04-27.11:28:47	32	431	10
30	9	2011-04-27.11:28:52	29	431	10
36	9	2011-04-27.11:28:56	27	431	10
39	9	2011-04-27.11:29:01	25	439	10
24	6	2011-04-27.11:29:06	23	437	10
27	9	2011-04-27.11:29:10	21	433	10
24	6	2011-04-27.11:29:15	19	433	10
24	6	2011-04-27.11:29:19	19	433	10
27	9	2011-04-27.11:29:24	18	433	10
24	6	2011-04-27.11:29:28	16	433	10
30	9	2011-04-27.11:29:33	15	433	10
33	6	2011-04-27.11:29:38	14	433	10
30	9	2011-04-27.11:29:42	20	433	10
27	9	2011-04-27.11:29:47	19	431	10
27	9	2011-04-27.11:29:51	17	431	10
24	6	2011-04-27.11:29:56	16	431	10
24	6	2011-04-27.11:30:01	23	431	10
39	9	2011-04-27.11:30:05	21	437	10
24	6	2011-04-27.11:30:10	19	433	10
33	9	2011-04-27.11:30:14	19	433	10
33	9	2011-04-27.11:30:19	17	433	10
27	6	2011-04-27.11:30:23	16	434	10
30	9	2011-04-27.11:30:28	15	433	10
24	6	2011-04-27.11:30:33	22	433	10
27	9	2011-04-27.11:30:37	20	433	10
27	9	2011-04-27.11:30:42	18	433	10
24	6	2011-04-27.11:30:46	33	431	10
33	9	2011-04-27.11:30:51	30	431	10
30	9	2011-04-27.11:30:56	28	431	10
36	9	2011-04-27.11:31:00	25	431	10
33	9	2011-04-27.11:31:05	31	437	10
30	9	2011-04-27.11:31:09	31	433	10
24	6	2011-04-27.11:31:14	29	434	10
27	9	2011-04-27.11:31:18	26	434	10
27	9	2011-04-27.11:31:23	32	434	10
27	9	2011-04-27.11:31:28	30	434	10
27	6	2011-04-27.11:31:32	27	434	10
33	9	2011-04-27.11:31:37	25	434	10
36	9	2011-04-27.11:31:41	23	434	10
30	9	2011-04-27.11:31:46	21	432	10
24	6	2011-04-27.11:31:51	19	432	10
27	9	2011-04-27.11:31:55	18	432	10
27	9	2011-04-27.11:32:00	16	432	10
33	9	2011-04-27.11:32:04	16	438	10
27	9	2011-04-27.11:32:09	15	434	10
30	9	2011-04-27.11:32:13	14	434	10
36	9	2011-04-27.11:32:18	13	434	10
27	9	2011-04-27.11:32:23	12	434	10
27	9	2011-04-27.11:32:27	11	434	10
27	9	2011-04-27.11:32:32	10	434	10
24	6	2011-04-27.11:32:36	9	434	10
24	9	2011-04-27.11:32:41	16	434	10
24	6	2011-04-27.11:32:45	23	432	10
27	9	2011-04-27.11:32:50	21	432	10
33	9	2011-04-27.11:32:55	27	432	10
36	9	2011-04-27.11:32:59	27	432	10
36	9	2011-04-27.11:33:04	25	438	10
27	6	2011-04-27.11:33:08	23	434	10
30	9	2011-04-27.11:33:13	21	434	10
24	6	2011-04-27.11:33:17	20	434	10
24	6	2011-04-27.11:33:22	18	434	10
24	9	2011-04-27.11:33:27	16	434	10
27	9	2011-04-27.11:33:31	23	434	10
33	9	2011-04-27.11:33:36	21	435	10
33	9	2011-04-27.11:33:40	20	434	10
30	9	2011-04-27.11:33:45	18	434	10
27	9	2011-04-27.11:33:50	33	432	10
24	6	2011-04-27.11:33:54	33	432	10
27	9	2011-04-27.11:33:59	30	432	10
33	9	2011-04-27.11:34:03	27	440	10
27	9	2011-04-27.11:34:08	25	434	10
30	9	2011-04-27.11:34:12	23	434	10
30	9	2011-04-27.11:34:17	29	434	10
36	9	2011-04-27.11:34:22	27	434	10
27	9	2011-04-27.11:34:26	25	434	10
27	9	2011-04-27.11:34:31	31	434	10
33	9	2011-04-27.11:34:35	28	435	11
30	9	2011-04-27.11:34:40	26	436	12
33	9	2011-04-27.11:34:45	24	438	14
33	9	2011-04-27.11:34:49	24	436	14
30	9	2011-04-27.11:34:54	22	435	14
39	9	2011-04-27.11:34:58	20	436	14
54	12	2011-04-27.11:35:03	18	442	14
30	9	2011-04-27.11:35:07	17	438	14
33	9	2011-04-27.11:35:12	16	437	14
33	9	2011-04-27.11:35:17	30	439	15
36	9	2011-04-27.11:35:21	28	439	16
33	9	2011-04-27.11:35:26	26	440	16
30	9	2011-04-27.11:35:30	24	440	16
36	9	2011-04-27.11:35:35	22	438	14
51	12	2011-04-27.11:35:40	28	440	16
33	9	2011-04-27.11:35:44	28	440	16
36	9	2011-04-27.11:35:49	26	436	15
33	9	2011-04-27.11:35:53	24	437	14
33	9	2011-04-27.11:35:58	22	435	14
39	9	2011-04-27.11:36:03	20	442	14
33	9	2011-04-27.11:36:07	26	437	14
30	9	2011-04-27.11:36:12	24	436	14
36	9	2011-04-27.11:36:16	30	436	13
39	9	2011-04-27.11:36:21	28	437	14
33	9	2011-04-27.11:36:26	34	438	15
39	9	2011-04-27.11:36:30	47	438	16
36	12	2011-04-27.11:36:35	51	439	16
33	9	2011-04-27.11:36:39	51	439	16
33	9	2011-04-27.11:36:44	63	440	16
33	9	2011-04-27.11:36:49	74	438	16
33	9	2011-04-27.11:36:53	76	435	14
36	9	2011-04-27.11:36:58	70	435	14
45	9	2011-04-27.11:37:02	88	443	14
36	9	2011-04-27.11:37:07	89	436	13
33	9	2011-04-27.11:37:11	98	437	14
33	9	2011-04-27.11:37:16	106	437	14
33	12	2011-04-27.11:37:21	114	436	14
33	9	2011-04-27.11:37:25	113	438	15
30	9	2011-04-27.11:37:30	112	437	15
39	9	2011-04-27.11:37:34	111	439	16
39	9	2011-04-27.11:37:39	111	440	16
36	9	2011-04-27.11:37:44	110	439	15
33	9	2011-04-27.11:37:48	109	436	13
33	9	2011-04-27.11:37:53	116	436	14
33	9	2011-04-27.11:37:57	115	436	14
42	9	2011-04-27.11:38:02	114	444	14
30	9	2011-04-27.11:38:07	121	438	14
33	9	2011-04-27.11:38:11	119	438	14
36	9	2011-04-27.11:38:16	117	438	15
39	9	2011-04-27.11:38:20	116	438	15
42	9	2011-04-27.11:38:25	107	438	16
33	9	2011-04-27.11:38:30	106	441	16
33	9	2011-04-27.11:38:34	106	441	15
33	9	2011-04-27.11:38:39	114	439	16
30	9	2011-04-27.11:38:43	112	439	15
36	9	2011-04-27.11:38:48	111	436	12
30	9	2011-04-27.11:38:53	110	434	12
39	9	2011-04-27.11:38:57	110	435	12
45	9	2011-04-27.11:39:02	109	443	12
33	9	2011-04-27.11:39:06	108	438	11
30	9	2011-04-27.11:39:11	107	438	12
30	9	2011-04-27.11:39:15	99	437	12
33	9	2011-04-27.11:39:20	91	437	12
27	9	2011-04-27.11:39:25	84	436	12
30	9	2011-04-27.11:39:29	84	436	12
33	9	2011-04-27.11:39:34	77	436	12
33	9	2011-04-27.11:39:38	71	438	12
39	9	2011-04-27.11:39:43	65	435	12
33	9	2011-04-27.11:39:48	60	433	12
30	9	2011-04-27.11:39:52	55	433	12
27	6	2011-04-27.11:39:57	50	433	12
33	9	2011-04-27.11:40:01	46	450	12
33	9	2011-04-27.11:40:06	43	438	12
27	6	2011-04-27.11:40:10	47	435	12
33	9	2011-04-27.11:40:15	51	435	12
30	9	2011-04-27.11:40:20	47	435	12
39	9	2011-04-27.11:40:24	47	435	12
30	9	2011-04-27.11:40:29	43	435	12
30	9	2011-04-27.11:40:33	40	435	12
30	9	2011-04-27.11:40:38	37	435	12
30	9	2011-04-27.11:40:42	34	434	11
33	9	2011-04-27.11:40:47	31	432	12
30	9	2011-04-27.11:40:52	29	431	10
27	6	2011-04-27.11:40:56	26	431	10
33	9	2011-04-27.11:41:01	24	431	10
42	9	2011-04-27.11:41:05	22	437	10
30	9	2011-04-27.11:41:10	20	433	10
27	9	2011-04-27.11:41:15	19	433	10
30	9	2011-04-27.11:41:19	19	433	10
24	6	2011-04-27.11:41:24	17	433	10
27	6	2011-04-27.11:41:28	16	433	10
39	12	2011-04-27.11:41:33	14	435	12
30	6	2011-04-27.11:41:37	21	435	12
36	9	2011-04-27.11:41:42	20	435	12
36	9	2011-04-27.11:41:47	26	431	10
24	6	2011-04-27.11:41:51	32	431	10
27	6	2011-04-27.11:41:56	29	432	10
33	9	2011-04-27.11:42:00	27	433	12
39	9	2011-04-27.11:42:05	25	439	12
27	6	2011-04-27.11:42:10	23	435	12
30	9	2011-04-27.11:42:14	23	433	10
33	6	2011-04-27.11:42:19	21	433	10
42	9	2011-04-27.11:42:23	19	435	12
30	6	2011-04-27.11:42:28	18	435	12
27	6	2011-04-27.11:42:32	16	434	12
27	6	2011-04-27.11:42:37	15	433	10
36	9	2011-04-27.11:42:42	14	435	12
30	9	2011-04-27.11:42:46	13	433	12
27	6	2011-04-27.11:42:51	12	433	12
33	9	2011-04-27.11:42:55	11	431	10
33	9	2011-04-27.11:43:00	10	431	10
45	9	2011-04-27.11:43:05	9	437	10
27	6	2011-04-27.11:43:09	9	433	10
30	9	2011-04-27.11:43:14	16	433	10
30	9	2011-04-27.11:43:18	15	433	10
30	9	2011-04-27.11:43:23	14	433	10
27	6	2011-04-27.11:43:27	13	433	10
33	9	2011-04-27.11:43:32	12	433	10
30	9	2011-04-27.11:43:37	11	433	10
33	9	2011-04-27.11:43:41	10	433	10
39	9	2011-04-27.11:43:46	17	431	10
24	6	2011-04-27.11:43:50	16	431	10
33	9	2011-04-27.11:43:55	14	431	10
30	9	2011-04-27.11:44:00	21	431	10
36	9	2011-04-27.11:44:04	21	437	10
33	9	2011-04-27.11:44:09	19	433	10
30	9	2011-04-27.11:44:13	18	433	10
33	9	2011-04-27.11:44:18	16	434	10
36	9	2011-04-27.11:44:22	15	433	10
36	9	2011-04-27.11:44:27	14	433	10
27	6	2011-04-27.11:44:32	29	433	10
27	6	2011-04-27.11:44:36	26	433	10
27	6	2011-04-27.11:44:41	32	433	10
24	6	2011-04-27.11:44:45	38	431	10
30	6	2011-04-27.11:44:50	35	431	10
30	9	2011-04-27.11:44:54	32	431	10
30	6	2011-04-27.11:44:59	32	431	10
45	9	2011-04-27.11:45:04	53	437	10
33	9	2011-04-27.11:45:08	57	433	10
30	6	2011-04-27.11:45:13	52	433	10
24	6	2011-04-27.11:45:17	48	433	10
27	6	2011-04-27.11:45:22	44	433	10
27	6	2011-04-27.11:45:27	41	433	10
30	6	2011-04-27.11:45:31	37	433	10
27	6	2011-04-27.11:45:36	34	433	10
36	9	2011-04-27.11:45:40	48	433	10
39	9	2011-04-27.11:45:45	52	431	10
30	6	2011-04-27.11:45:49	48	431	10
30	9	2011-04-27.11:45:54	48	432	10
24	6	2011-04-27.11:45:59	44	432	10
39	9	2011-04-27.11:46:03	40	438	10
33	9	2011-04-27.11:46:08	37	434	10
27	6	2011-04-27.11:46:12	34	434	10
36	9	2011-04-27.11:46:17	31	434	10
33	9	2011-04-27.11:46:21	29	434	10
39	9	2011-04-27.11:46:26	26	434	10
54	9	2011-04-27.11:46:31	32	435	10
39	9	2011-04-27.11:46:35	38	434	10
27	6	2011-04-27.11:46:40	43	434	10
30	9	2011-04-27.11:46:44	39	434	10
39	9	2011-04-27.11:46:49	39	432	10
27	6	2011-04-27.11:46:53	52	432	10
33	9	2011-04-27.11:46:58	48	432	10
45	9	2011-04-27.11:47:03	44	440	10
39	9	2011-04-27.11:47:07	48	434	10
42	9	2011-04-27.11:47:12	45	434	10
33	6	2011-04-27.11:47:16	41	434	10
30	9	2011-04-27.11:47:21	38	434	10
33	9	2011-04-27.11:47:26	35	434	10
30	9	2011-04-27.11:47:30	32	434	10
30	9	2011-04-27.11:47:35	45	434	10
33	9	2011-04-27.11:47:39	45	434	10
42	9	2011-04-27.11:47:44	42	434	10
51	9	2011-04-27.11:47:48	54	432	10
33	6	2011-04-27.11:47:53	58	432	10
45	15	2011-04-27.11:47:58	69	431	10
36	9	2011-04-27.11:48:02	64	439	10
33	9	2011-04-27.11:48:07	59	433	10
36	9	2011-04-27.11:48:11	62	433	10
33	9	2011-04-27.11:48:16	57	433	10
33	9	2011-04-27.11:48:20	60	433	10
42	9	2011-04-27.11:48:25	55	433	10
33	6	2011-04-27.11:48:30	51	433	10
33	9	2011-04-27.11:48:34	51	433	10
33	9	2011-04-27.11:48:39	47	433	10
33	9	2011-04-27.11:48:43	43	434	10
54	12	2011-04-27.11:48:48	64	432	10
36	9	2011-04-27.11:48:53	67	431	10
33	9	2011-04-27.11:48:57	61	433	10
72	15	2011-04-27.11:49:02	64	442	12
42	9	2011-04-27.11:49:06	67	435	12
42	9	2011-04-27.11:49:11	62	433	12
33	9	2011-04-27.11:49:15	57	433	12
33	9	2011-04-27.11:49:20	52	433	12
36	9	2011-04-27.11:49:25	48	433	12
36	9	2011-04-27.11:49:29	48	433	12
36	9	2011-04-27.11:49:34	44	433	12
33	9	2011-04-27.11:49:38	41	433	12
42	9	2011-04-27.11:49:43	37	433	12
39	9	2011-04-27.11:49:47	34	431	12
36	9	2011-04-27.11:49:52	39	431	12
30	9	2011-04-27.11:49:57	44	431	12
33	9	2011-04-27.11:50:01	41	443	12
48	12	2011-04-27.11:50:06	37	437	12
33	9	2011-04-27.11:50:10	34	433	12
36	9	2011-04-27.11:50:15	32	435	7
54	12	2011-04-27.11:50:20	29	434	9
60	15	2011-04-27.11:50:24	29	433	9
42	9	2011-04-27.11:50:29	27	433	9
36	9	2011-04-27.11:50:33	49	433	9
33	9	2011-04-27.11:50:38	45	433	10
93	24	2011-04-27.11:50:43	65	443	14
42	12	2011-04-27.11:50:47	60	437	14
39	9	2011-04-27.11:50:52	55	440	9
78	18	2011-04-27.11:50:56	51	439	9
33	9	2011-04-27.11:51:01	47	435	9
48	9	2011-04-27.11:51:05	43	440	10
57	12	2011-04-27.11:51:10	47	439	13
36	9	2011-04-27.11:51:15	43	437	12
33	9	2011-04-27.11:51:19	43	437	12
36	9	2011-04-27.11:51:24	40	436	12
30	9	2011-04-27.11:51:28	37	436	12
30	9	2011-04-27.11:51:33	34	436	12
60	12	2011-04-27.11:51:37	31	439	16
48	12	2011-04-27.11:51:42	29	438	14
42	9	2011-04-27.11:51:47	26	435	14
42	9	2011-04-27.11:51:51	24	437	10
39	9	2011-04-27.11:51:56	22	436	10
54	15	2011-04-27.11:52:00	28	434	10
45	9	2011-04-27.11:52:05	34	440	10
69	21	2011-04-27.11:52:09	31	442	17
45	9	2011-04-27.11:52:14	31	443	13
45	9	2011-04-27.11:52:19	29	443	10
39	9	2011-04-27.11:52:23	26	441	10
54	12	2011-04-27.11:52:28	24	440	12
42	9	2011-04-27.11:52:32	22	439	12
75	12	2011-04-27.11:52:37	29	443	12
33	9	2011-04-27.11:52:42	26	438	12
33	9	2011-04-27.11:52:46	24	434	12
33	9	2011-04-27.11:52:51	22	434	12
39	9	2011-04-27.11:52:55	28	434	12
60	12	2011-04-27.11:53:00	26	434	12
60	12	2011-04-27.11:53:04	24	440	12
36	9	2011-04-27.11:53:09	24	436	12
42	9	2011-04-27.11:53:14	22	436	12
39	9	2011-04-27.11:53:18	20	436	12
39	9	2011-04-27.11:53:23	27	436	12
33	9	2011-04-27.11:53:27	24	436	12
36	9	2011-04-27.11:53:32	22	436	12
45	9	2011-04-27.11:53:36	37	436	12
36	9	2011-04-27.11:53:41	34	436	12
45	9	2011-04-27.11:53:46	31	434	12
33	9	2011-04-27.11:53:50	28	434	12
39	9	2011-04-27.11:53:55	26	434	12
33	9	2011-04-27.11:53:59	24	434	12
45	9	2011-04-27.11:54:04	24	440	12
33	9	2011-04-27.11:54:08	22	435	12
33	9	2011-04-27.11:54:13	20	433	12
39	9	2011-04-27.11:54:18	19	435	9
30	9	2011-04-27.11:54:22	17	435	9
39	9	2011-04-27.11:54:27	16	433	9
33	9	2011-04-27.11:54:31	14	433	9
36	9	2011-04-27.11:54:36	13	433	9
30	9	2011-04-27.11:54:41	12	433	9
36	9	2011-04-27.11:54:45	19	432	9
30	9	2011-04-27.11:54:50	26	431	9
33	9	2011-04-27.11:54:54	26	431	9
39	9	2011-04-27.11:54:59	32	431	9
45	9	2011-04-27.11:55:03	29	437	9
36	9	2011-04-27.11:55:08	27	435	7
30	6	2011-04-27.11:55:13	25	433	7
42	9	2011-04-27.11:55:17	22	437	7
27	6	2011-04-27.11:55:22	21	435	7
57	12	2011-04-27.11:55:26	35	433	7
33	9	2011-04-27.11:55:31	40	433	7
27	6	2011-04-27.11:55:35	45	433	7
33	9	2011-04-27.11:55:40	49	433	7
39	9	2011-04-27.11:55:45	61	433	7
33	9	2011-04-27.11:55:49	61	431	7
36	9	2011-04-27.11:55:54	81	431	7
33	6	2011-04-27.11:55:58	82	431	7
45	9	2011-04-27.11:56:03	83	439	7
51	12	2011-04-27.11:56:07	93	434	9
51	12	2011-04-27.11:56:12	93	434	9
33	9	2011-04-27.11:56:17	102	433	9
33	9	2011-04-27.11:56:21	102	433	9
39	9	2011-04-27.11:56:26	150	433	9
36	9	2011-04-27.11:56:30	146	433	9
42	9	2011-04-27.11:56:35	142	433	9
36	9	2011-04-27.11:56:39	139	434	9
39	9	2011-04-27.11:56:44	139	433	9
39	9	2011-04-27.11:56:49	143	431	9
39	9	2011-04-27.11:56:53	140	431	9
36	9	2011-04-27.11:56:58	137	431	9
54	12	2011-04-27.11:57:02	134	442	9
57	12	2011-04-27.11:57:07	179	434	9
33	9	2011-04-27.11:57:11	173	433	9
48	9	2011-04-27.11:57:16	167	433	9
30	6	2011-04-27.11:57:21	161	435	7
36	9	2011-04-27.11:57:25	164	435	7
36	9	2011-04-27.11:57:30	159	435	10
42	9	2011-04-27.11:57:34	155	434	10
36	9	2011-04-27.11:57:39	155	434	11
63	15	2011-04-27.11:57:43	150	436	10
90	21	2011-04-27.11:57:48	186	436	11
39	9	2011-04-27.11:57:53	179	433	9
54	15	2011-04-27.11:57:57	173	432	11
51	9	2011-04-27.11:58:02	183	439	11
42	9	2011-04-27.11:58:06	184	437	11
60	9	2011-04-27.11:58:11	178	433	11
63	18	2011-04-27.11:58:15	179	438	16
