2	2	2015-07-02.09:00:00	26	113	1
11	6	2015-07-02.09:00:04	26	123	1
4	3	2015-07-02.09:00:08	24	119	1
2	2	2015-07-02.09:00:12	22	119	1
2	2	2015-07-02.09:00:16	20	119	1
2	2	2015-07-02.09:00:20	19	115	1
2	2	2015-07-02.09:00:24	19	115	1
1	1	2015-07-02.09:00:28	17	115	1
2	2	2015-07-02.09:00:32	16	115	1
1	1	2015-07-02.09:00:36	14	115	1
2	2	2015-07-02.09:00:40	13	115	1
3	2	2015-07-02.09:00:44	13	115	1
1	1	2015-07-02.09:00:49	12	113	1
2	2	2015-07-02.09:00:53	11	113	1
1	1	2015-07-02.09:00:57	10	113	1
2	2	2015-07-02.09:01:01	9	125	1
8	4	2015-07-02.09:01:05	9	121	1
2	2	2015-07-02.09:01:09	9	119	1
2	2	2015-07-02.09:01:13	8	119	1
2	2	2015-07-02.09:01:17	7	119	1
2	2	2015-07-02.09:01:21	7	119	1
2	2	2015-07-02.09:01:25	7	119	1
2	2	2015-07-02.09:01:29	6	115	1
1	1	2015-07-02.09:01:33	6	115	1
2	2	2015-07-02.09:01:37	5	115	1
2	2	2015-07-02.09:01:41	5	115	1
2	2	2015-07-02.09:01:45	5	113	1
2	2	2015-07-02.09:01:49	4	113	1
2	2	2015-07-02.09:01:53	4	113	1
1	1	2015-07-02.09:01:57	4	113	1
8	4	2015-07-02.09:02:01	3	123	1
2	2	2015-07-02.09:02:05	3	117	1
2	2	2015-07-02.09:02:09	3	115	1
1	1	2015-07-02.09:02:13	3	115	1
1	1	2015-07-02.09:02:17	2	115	1
2	2	2015-07-02.09:02:21	2	115	1
2	2	2015-07-02.09:02:25	2	115	1
2	2	2015-07-02.09:02:29	2	115	1
1	1	2015-07-02.09:02:33	2	115	1
2	2	2015-07-02.09:02:37	2	115	1
1	1	2015-07-02.09:02:41	2	115	1
2	2	2015-07-02.09:02:45	2	113	1
2	2	2015-07-02.09:02:49	1	113	1
2	2	2015-07-02.09:02:53	1	113	1
2	2	2015-07-02.09:02:57	1	113	1
16	11	2015-07-02.09:03:01	1	131	1
28	24	2015-07-02.09:03:06	1	123	1
6	5	2015-07-02.09:03:10	1	115	1
2	2	2015-07-02.09:03:14	1	115	1
1	1	2015-07-02.09:03:18	1	115	1
8	7	2015-07-02.09:03:22	1	115	1
2	2	2015-07-02.09:03:26	1	115	1
2	2	2015-07-02.09:03:30	1	115	1
3	2	2015-07-02.09:03:34	0	116	2
7	3	2015-07-02.09:03:38	0	116	2
3	3	2015-07-02.09:03:43	0	116	2
4	3	2015-07-02.09:03:47	0	115	3
8	5	2015-07-02.09:03:52	0	117	5
2	2	2015-07-02.09:03:56	0	114	5
7	4	2015-07-02.09:04:01	0	118	2
15	6	2015-07-02.09:04:05	0	127	2
3	3	2015-07-02.09:04:10	0	120	2
5	3	2015-07-02.09:04:14	8	122	2
5	4	2015-07-02.09:04:19	15	120	2
4	3	2015-07-02.09:04:23	14	121	3
5	4	2015-07-02.09:04:28	13	118	3
4	3	2015-07-02.09:04:32	12	118	5
3	3	2015-07-02.09:04:37	19	116	5
2	2	2015-07-02.09:04:41	17	116	5
7	4	2015-07-02.09:04:46	16	119	2
2	2	2015-07-02.09:04:50	16	119	1
7	7	2015-07-02.09:04:54	23	114	1
9	3	2015-07-02.09:04:58	21	116	3
14	8	2015-07-02.09:05:03	19	122	5
2	2	2015-07-02.09:05:07	18	118	5
3	3	2015-07-02.09:05:12	16	116	5
8	4	2015-07-02.09:05:16	23	121	2
2	2	2015-07-02.09:05:20	23	120	1
2	2	2015-07-02.09:05:24	21	115	1
1	1	2015-07-02.09:05:28	19	115	1
2	2	2015-07-02.09:05:33	18	115	1
1	1	2015-07-02.09:05:37	16	115	1
2	2	2015-07-02.09:05:41	15	115	1
1	1	2015-07-02.09:05:45	15	115	1
2	2	2015-07-02.09:05:49	14	113	1
2	2	2015-07-02.09:05:53	13	113	1
2	2	2015-07-02.09:05:57	12	113	1
2	2	2015-07-02.09:06:01	11	113	1
10	4	2015-07-02.09:06:05	11	123	1
4	3	2015-07-02.09:06:09	10	119	1
2	2	2015-07-02.09:06:13	9	119	1
10	9	2015-07-02.09:06:17	8	115	1
3	2	2015-07-02.09:06:21	40	115	1
2	2	2015-07-02.09:06:25	40	115	1
1	1	2015-07-02.09:06:29	36	115	1
2	2	2015-07-02.09:06:33	33	115	1
2	2	2015-07-02.09:06:37	31	115	1
2	2	2015-07-02.09:06:41	28	115	1
1	1	2015-07-02.09:06:45	28	115	1
2	2	2015-07-02.09:06:49	26	113	1
2	2	2015-07-02.09:06:53	24	113	1
2	2	2015-07-02.09:06:57	22	113	1
4	3	2015-07-02.09:07:01	20	124	1
7	4	2015-07-02.09:07:05	20	121	1
1	1	2015-07-02.09:07:09	18	119	1
2	2	2015-07-02.09:07:13	17	119	1
1	1	2015-07-02.09:07:17	16	119	1
7	6	2015-07-02.09:07:21	14	119	1
3	3	2015-07-02.09:07:25	14	119	1
8	3	2015-07-02.09:07:30	13	120	2
2	2	2015-07-02.09:07:34	12	120	2
3	2	2015-07-02.09:07:39	11	121	3
7	5	2015-07-02.09:07:43	10	122	3
4	3	2015-07-02.09:07:48	9	119	5
3	3	2015-07-02.09:07:52	9	117	5
2	2	2015-07-02.09:07:57	8	118	5
8	4	2015-07-02.09:08:01	7	123	1
10	5	2015-07-02.09:08:05	7	122	1
10	4	2015-07-02.09:08:09	7	118	3
6	4	2015-07-02.09:08:14	6	120	5
3	2	2015-07-02.09:08:19	6	117	5
2	2	2015-07-02.09:08:23	5	115	5
2	2	2015-07-02.09:08:28	5	115	5
3	2	2015-07-02.09:08:32	4	115	5
2	2	2015-07-02.09:08:37	4	115	5
2	2	2015-07-02.09:08:41	4	115	5
2	2	2015-07-02.09:08:46	4	113	5
2	2	2015-07-02.09:08:50	3	113	5
2	2	2015-07-02.09:08:55	11	113	5
2	2	2015-07-02.09:08:59	10	113	5
10	6	2015-07-02.09:09:04	41	123	5
2	2	2015-07-02.09:09:08	38	119	5
2	2	2015-07-02.09:09:13	35	119	5
2	2	2015-07-02.09:09:17	40	119	5
2	2	2015-07-02.09:09:22	37	119	5
2	2	2015-07-02.09:09:27	34	119	5
2	2	2015-07-02.09:09:31	31	119	5
3	2	2015-07-02.09:09:36	31	115	5
2	2	2015-07-02.09:09:40	29	115	5
2	2	2015-07-02.09:09:45	42	115	5
3	2	2015-07-02.09:09:49	39	113	5
2	2	2015-07-02.09:09:54	36	113	5
2	2	2015-07-02.09:09:58	33	113	5
9	4	2015-07-02.09:10:03	94	117	5
2	2	2015-07-02.09:10:07	87	115	5
2	2	2015-07-02.09:10:12	80	115	5
2	2	2015-07-02.09:10:16	73	115	5
2	2	2015-07-02.09:10:21	67	115	5
2	2	2015-07-02.09:10:25	67	115	5
2	2	2015-07-02.09:10:30	62	115	5
2	2	2015-07-02.09:10:35	57	115	5
2	2	2015-07-02.09:10:39	52	115	5
3	2	2015-07-02.09:10:44	48	115	5
2	2	2015-07-02.09:10:48	44	113	5
3	2	2015-07-02.09:10:53	41	113	5
2	2	2015-07-02.09:10:57	37	113	5
11	6	2015-07-02.09:11:02	34	119	5
2	2	2015-07-02.09:11:06	32	115	5
2	2	2015-07-02.09:11:11	29	115	5
2	2	2015-07-02.09:11:15	29	115	5
2	2	2015-07-02.09:11:20	27	115	5
2	2	2015-07-02.09:11:24	33	115	5
2	2	2015-07-02.09:11:29	30	115	5
2	2	2015-07-02.09:11:33	28	115	5
2	2	2015-07-02.09:11:38	25	115	5
2	2	2015-07-02.09:11:43	23	115	5
2	2	2015-07-02.09:11:47	21	113	5
2	2	2015-07-02.09:11:52	20	113	5
2	2	2015-07-02.09:11:56	18	113	5
2	2	2015-07-02.09:12:01	18	113	5
10	5	2015-07-02.09:12:05	17	123	5
3	3	2015-07-02.09:12:10	15	119	5
2	2	2015-07-02.09:12:14	14	119	5
2	2	2015-07-02.09:12:19	13	119	5
2	2	2015-07-02.09:12:23	12	119	5
2	2	2015-07-02.09:12:28	11	115	5
2	2	2015-07-02.09:12:32	10	115	5
2	2	2015-07-02.09:12:37	9	115	5
2	2	2015-07-02.09:12:41	8	115	5
2	2	2015-07-02.09:12:46	8	113	5
3	2	2015-07-02.09:12:51	8	113	5
2	2	2015-07-02.09:12:55	7	113	5
3	2	2015-07-02.09:13:00	6	113	5
9	5	2015-07-02.09:13:04	6	121	5
2	2	2015-07-02.09:13:09	5	119	5
3	2	2015-07-02.09:13:13	5	119	5
2	2	2015-07-02.09:13:18	5	119	5
2	2	2015-07-02.09:13:22	4	119	5
2	2	2015-07-02.09:13:27	4	119	5
2	2	2015-07-02.09:13:31	3	119	5
2	2	2015-07-02.09:13:36	3	119	5
3	2	2015-07-02.09:13:40	3	119	5
2	2	2015-07-02.09:13:45	3	119	5
2	2	2015-07-02.09:13:49	3	117	5
2	2	2015-07-02.09:13:54	2	113	5
2	2	2015-07-02.09:13:59	2	113	5
9	5	2015-07-02.09:14:03	2	117	5
2	2	2015-07-02.09:14:08	2	116	5
3	3	2015-07-02.09:14:12	2	116	5
2	2	2015-07-02.09:14:17	2	116	5
2	2	2015-07-02.09:14:21	1	116	5
2	2	2015-07-02.09:14:26	1	116	5
2	2	2015-07-02.09:14:30	1	116	5
2	2	2015-07-02.09:14:35	1	116	5
2	2	2015-07-02.09:14:39	1	116	5
2	2	2015-07-02.09:14:44	1	116	5
2	2	2015-07-02.09:14:48	1	114	5
2	2	2015-07-02.09:14:53	1	114	5
2	2	2015-07-02.09:14:57	1	114	5
11	5	2015-07-02.09:15:02	1	126	5
2	2	2015-07-02.09:15:06	0	124	5
2	2	2015-07-02.09:15:11	0	120	5
2	2	2015-07-02.09:15:16	0	120	5
2	2	2015-07-02.09:15:20	0	120	5
3	2	2015-07-02.09:15:25	0	120	5
2	2	2015-07-02.09:15:29	8	116	5
2	2	2015-07-02.09:15:34	8	116	5
2	2	2015-07-02.09:15:38	7	116	5
2	2	2015-07-02.09:15:43	6	116	5
2	2	2015-07-02.09:15:47	6	114	5
2	2	2015-07-02.09:15:52	5	114	5
2	2	2015-07-02.09:15:56	5	114	5
3	2	2015-07-02.09:16:01	4	114	5
9	5	2015-07-02.09:16:05	4	122	5
2	2	2015-07-02.09:16:10	4	120	5
2	2	2015-07-02.09:16:14	4	120	5
2	2	2015-07-02.09:16:19	3	120	5
3	2	2015-07-02.09:16:24	3	121	5
2	2	2015-07-02.09:16:28	3	121	5
2	2	2015-07-02.09:16:33	3	121	5
3	2	2015-07-02.09:16:37	2	121	5
2	2	2015-07-02.09:16:42	2	121	5
2	2	2015-07-02.09:16:46	2	119	5
3	2	2015-07-02.09:16:51	2	119	5
2	2	2015-07-02.09:16:55	2	119	5
3	3	2015-07-02.09:17:00	2	115	5
11	5	2015-07-02.09:17:04	1	119	5
9	5	2015-07-02.09:17:09	1	123	1
2	2	2015-07-02.09:17:13	1	123	1
2	2	2015-07-02.09:17:17	1	118	1
8	3	2015-07-02.09:17:21	1	119	2
6	4	2015-07-02.09:17:26	41	121	4
7	6	2015-07-02.09:17:30	41	121	5
3	2	2015-07-02.09:17:35	38	119	5
3	2	2015-07-02.09:17:39	35	119	5
5	3	2015-07-02.09:17:44	32	121	1
2	2	2015-07-02.09:17:48	29	119	1
2	2	2015-07-02.09:17:52	27	117	1
2	2	2015-07-02.09:17:56	25	117	1
3	2	2015-07-02.09:18:00	25	117	1
11	6	2015-07-02.09:18:04	23	127	1
5	3	2015-07-02.09:18:08	21	119	1
2	2	2015-07-02.09:18:12	19	119	1
4	2	2015-07-02.09:18:16	18	121	1
1	1	2015-07-02.09:18:20	18	121	1
1	1	2015-07-02.09:18:24	16	119	1
1	1	2015-07-02.09:18:28	15	119	1
1	1	2015-07-02.09:18:32	14	119	1
1	1	2015-07-02.09:18:36	12	119	1
1	1	2015-07-02.09:18:40	12	119	1
1	1	2015-07-02.09:18:44	11	119	1
2	2	2015-07-02.09:18:48	10	117	1
1	1	2015-07-02.09:18:52	10	117	1
2	2	2015-07-02.09:18:56	9	116	1
1	1	2015-07-02.09:19:00	9	116	1
9	4	2015-07-02.09:19:04	48	124	1
1	1	2015-07-02.09:19:08	44	122	1
1	1	2015-07-02.09:19:12	41	122	1
1	1	2015-07-02.09:19:16	37	122	1
2	2	2015-07-02.09:19:20	37	122	1
1	1	2015-07-02.09:19:25	34	122	1
2	2	2015-07-02.09:19:29	32	122	1
1	1	2015-07-02.09:19:33	29	122	1
1	1	2015-07-02.09:19:37	27	118	1
2	2	2015-07-02.09:19:41	27	118	1
1	1	2015-07-02.09:19:45	33	118	1
1	1	2015-07-02.09:19:49	30	116	1
1	1	2015-07-02.09:19:53	28	116	1
1	1	2015-07-02.09:19:57	25	116	1
2	2	2015-07-02.09:20:01	159	124	1
8	4	2015-07-02.09:20:05	159	120	1
1	1	2015-07-02.09:20:09	147	118	1
1	1	2015-07-02.09:20:13	135	118	1
1	1	2015-07-02.09:20:17	124	118	1
2	2	2015-07-02.09:20:21	114	118	1
1	1	2015-07-02.09:20:25	114	118	1
2	2	2015-07-02.09:20:29	105	118	1
1	1	2015-07-02.09:20:33	96	118	1
1	1	2015-07-02.09:20:37	89	118	1
2	2	2015-07-02.09:20:41	82	118	1
1	1	2015-07-02.09:20:45	82	116	1
1	1	2015-07-02.09:20:49	75	116	1
1	1	2015-07-02.09:20:53	69	116	1
1	1	2015-07-02.09:20:57	63	116	1
9	4	2015-07-02.09:21:01	58	129	1
3	2	2015-07-02.09:21:05	58	122	1
1	1	2015-07-02.09:21:09	54	118	1
1	1	2015-07-02.09:21:13	49	118	1
2	2	2015-07-02.09:21:17	45	118	1
2	2	2015-07-02.09:21:21	42	118	1
1	1	2015-07-02.09:21:25	42	118	1
1	1	2015-07-02.09:21:29	38	118	1
1	1	2015-07-02.09:21:33	35	118	1
1	1	2015-07-02.09:21:38	32	118	1
2	2	2015-07-02.09:21:42	30	118	1
1	1	2015-07-02.09:21:46	30	116	1
1	1	2015-07-02.09:21:50	27	116	1
2	2	2015-07-02.09:21:54	25	116	1
100	83	2015-07-02.09:21:58	39	116	1
12	9	2015-07-02.09:22:02	36	126	1
2	2	2015-07-02.09:22:06	33	124	1
2	2	2015-07-02.09:22:10	33	122	1
2	2	2015-07-02.09:22:14	30	122	1
1	1	2015-07-02.09:22:18	28	122	1
2	2	2015-07-02.09:22:22	26	122	1
1	1	2015-07-02.09:22:26	24	122	1
1	1	2015-07-02.09:22:30	24	122	1
2	2	2015-07-02.09:22:34	22	118	1
1	1	2015-07-02.09:22:38	20	118	1
2	2	2015-07-02.09:22:42	18	118	1
1	1	2015-07-02.09:22:46	17	116	1
1	1	2015-07-02.09:22:50	17	116	1
1	1	2015-07-02.09:22:54	15	116	1
2	2	2015-07-02.09:22:58	14	116	1
8	4	2015-07-02.09:23:02	13	122	1
1	1	2015-07-02.09:23:06	12	120	1
1	1	2015-07-02.09:23:10	12	118	1
1	1	2015-07-02.09:23:14	11	118	1
1	1	2015-07-02.09:23:18	10	118	1
1	1	2015-07-02.09:23:22	9	118	1
1	1	2015-07-02.09:23:26	8	118	1
1	1	2015-07-02.09:23:30	8	118	1
1	1	2015-07-02.09:23:34	8	118	1
1	1	2015-07-02.09:23:39	7	118	1
3	2	2015-07-02.09:23:43	7	118	1
1	1	2015-07-02.09:23:47	6	116	1
2	2	2015-07-02.09:23:51	6	116	1
1	1	2015-07-02.09:23:55	6	116	1
1	1	2015-07-02.09:23:59	5	116	1
11	6	2015-07-02.09:24:03	61	126	1
2	2	2015-07-02.09:24:07	56	118	1
1	1	2015-07-02.09:24:11	56	118	1
1	1	2015-07-02.09:24:15	51	118	1
1	1	2015-07-02.09:24:19	47	118	1
1	1	2015-07-02.09:24:23	43	118	1
1	1	2015-07-02.09:24:27	40	118	1
1	1	2015-07-02.09:24:31	37	118	1
1	1	2015-07-02.09:24:35	37	118	1
2	2	2015-07-02.09:24:39	34	118	1
1	1	2015-07-02.09:24:43	31	118	1
1	1	2015-07-02.09:24:47	28	115	1
1	1	2015-07-02.09:24:51	26	115	1
2	2	2015-07-02.09:24:55	26	115	1
1	1	2015-07-02.09:24:59	24	115	1
8	4	2015-07-02.09:25:03	22	123	1
1	1	2015-07-02.09:25:07	20	121	1
1	1	2015-07-02.09:25:11	19	121	1
2	2	2015-07-02.09:25:15	19	117	1
1	1	2015-07-02.09:25:19	17	117	1
1	1	2015-07-02.09:25:23	16	117	1
1	1	2015-07-02.09:25:27	14	117	1
2	2	2015-07-02.09:25:31	13	117	1
1	1	2015-07-02.09:25:35	13	117	1
12	8	2015-07-02.09:25:39	12	125	1
30	17	2015-07-02.09:25:43	11	122	1
1	1	2015-07-02.09:25:47	10	120	1
2	2	2015-07-02.09:25:51	9	120	1
1	1	2015-07-02.09:25:56	9	120	1
1	1	2015-07-02.09:26:00	9	120	1
24	16	2015-07-02.09:26:04	8	123	1
100	94	2015-07-02.09:26:08	15	121	1
100	96	2015-07-02.09:26:12	22	121	1
100	90	2015-07-02.09:26:16	22	121	1
100	89	2015-07-02.09:26:20	36	121	1
100	89	2015-07-02.09:26:24	41	121	1
100	95	2015-07-02.09:26:28	46	121	1
100	95	2015-07-02.09:26:32	50	121	1
100	77	2015-07-02.09:26:36	50	122	1
25	6	2015-07-02.09:26:40	54	116	1
2	2	2015-07-02.09:26:44	50	116	1
1	1	2015-07-02.09:26:48	46	114	1
1	1	2015-07-02.09:26:52	42	114	1
1	1	2015-07-02.09:26:56	39	114	1
1	1	2015-07-02.09:27:00	39	114	1
11	7	2015-07-02.09:27:04	36	124	1
1	1	2015-07-02.09:27:08	33	120	1
2	2	2015-07-02.09:27:12	30	120	1
1	1	2015-07-02.09:27:16	28	120	1
1	1	2015-07-02.09:27:20	28	120	1
2	2	2015-07-02.09:27:24	25	116	1
1	1	2015-07-02.09:27:28	23	116	1
2	2	2015-07-02.09:27:32	37	116	1
1	1	2015-07-02.09:27:36	34	116	1
1	1	2015-07-02.09:27:40	34	116	1
1	1	2015-07-02.09:27:44	32	116	1
1	1	2015-07-02.09:27:48	29	114	1
1	1	2015-07-02.09:27:52	27	114	1
1	1	2015-07-02.09:27:56	25	114	1
2	2	2015-07-02.09:28:00	25	114	1
8	4	2015-07-02.09:28:04	71	122	1
2	2	2015-07-02.09:28:08	65	116	1
1	1	2015-07-02.09:28:13	60	116	1
1	1	2015-07-02.09:28:17	55	116	1
1	1	2015-07-02.09:28:21	55	116	1
1	1	2015-07-02.09:28:25	51	116	1
1	1	2015-07-02.09:28:29	46	116	1
1	1	2015-07-02.09:28:33	43	116	1
1	1	2015-07-02.09:28:37	39	116	1
1	1	2015-07-02.09:28:41	39	116	1
1	1	2015-07-02.09:28:45	36	116	1
1	1	2015-07-02.09:28:49	33	114	1
2	2	2015-07-02.09:28:53	30	114	1
1	1	2015-07-02.09:28:57	28	114	1
1	1	2015-07-02.09:29:01	28	114	1
9	4	2015-07-02.09:29:05	26	118	1
1	1	2015-07-02.09:29:09	24	116	1
1	1	2015-07-02.09:29:13	22	116	1
1	1	2015-07-02.09:29:17	20	116	1
1	1	2015-07-02.09:29:21	18	116	1
1	1	2015-07-02.09:29:25	18	116	1
1	1	2015-07-02.09:29:29	17	116	1
1	1	2015-07-02.09:29:33	16	116	1
1	1	2015-07-02.09:29:37	14	116	1
1	1	2015-07-02.09:29:41	13	116	1
1	1	2015-07-02.09:29:45	13	116	1
1	1	2015-07-02.09:29:49	12	114	1
1	1	2015-07-02.09:29:53	11	114	1
1	1	2015-07-02.09:29:57	10	114	1
3	2	2015-07-02.09:30:01	9	126	1
8	4	2015-07-02.09:30:05	9	127	1
1	1	2015-07-02.09:30:09	8	123	1
2	2	2015-07-02.09:30:13	8	123	1
2	1	2015-07-02.09:30:17	7	120	1
1	1	2015-07-02.09:30:21	7	120	1
2	2	2015-07-02.09:30:26	7	120	1
11	9	2015-07-02.09:30:30	6	120	1
3	2	2015-07-02.09:30:34	6	116	1
2	2	2015-07-02.09:30:38	5	116	1
2	2	2015-07-02.09:30:42	5	116	2
11	5	2015-07-02.09:30:46	4	116	3
7	5	2015-07-02.09:30:51	4	117	5
3	2	2015-07-02.09:30:55	4	114	5
2	2	2015-07-02.09:31:00	4	114	5
10	6	2015-07-02.09:31:04	3	118	5
2	2	2015-07-02.09:31:09	3	116	5
2	2	2015-07-02.09:31:13	3	116	5
7	4	2015-07-02.09:31:18	2	121	2
3	3	2015-07-02.09:31:22	2	128	1
3	2	2015-07-02.09:31:26	2	116	1
2	2	2015-07-02.09:31:30	2	116	1
3	2	2015-07-02.09:31:34	2	116	1
2	2	2015-07-02.09:31:38	2	116	1
2	2	2015-07-02.09:31:42	2	116	1
2	1	2015-07-02.09:31:46	1	114	1
2	2	2015-07-02.09:31:50	1	114	1
9	4	2015-07-02.09:31:55	1	116	3
2	2	2015-07-02.09:31:59	1	116	3
11	5	2015-07-02.09:32:04	1	121	3
3	3	2015-07-02.09:32:08	9	119	3
3	3	2015-07-02.09:32:13	8	119	3
4	3	2015-07-02.09:32:17	7	119	3
7	5	2015-07-02.09:32:22	7	119	5
2	2	2015-07-02.09:32:26	6	118	5
3	2	2015-07-02.09:32:31	6	117	5
7	3	2015-07-02.09:32:35	6	122	1
10	4	2015-07-02.09:32:39	5	118	2
3	2	2015-07-02.09:32:44	5	119	3
6	4	2015-07-02.09:32:49	4	119	5
3	2	2015-07-02.09:32:53	4	116	5
2	2	2015-07-02.09:32:58	4	115	5
12	6	2015-07-02.09:33:02	83	125	5
4	3	2015-07-02.09:33:07	77	122	5
2	2	2015-07-02.09:33:11	71	120	5
2	2	2015-07-02.09:33:16	71	120	5
2	2	2015-07-02.09:33:20	65	120	5
3	3	2015-07-02.09:33:25	60	116	5
2	2	2015-07-02.09:33:29	55	116	5
3	2	2015-07-02.09:33:34	50	116	5
2	2	2015-07-02.09:33:38	46	116	5
3	2	2015-07-02.09:33:43	43	116	5
2	2	2015-07-02.09:33:47	39	114	5
2	2	2015-07-02.09:33:52	36	114	5
2	2	2015-07-02.09:33:57	33	114	5
3	2	2015-07-02.09:34:01	33	114	5
9	5	2015-07-02.09:34:06	78	122	5
2	2	2015-07-02.09:34:10	72	120	5
3	2	2015-07-02.09:34:15	66	120	5
2	2	2015-07-02.09:34:19	61	116	5
2	2	2015-07-02.09:34:24	56	116	5
3	2	2015-07-02.09:34:28	52	116	5
2	2	2015-07-02.09:34:33	47	116	5
2	2	2015-07-02.09:34:37	44	116	5
2	2	2015-07-02.09:34:42	40	116	5
2	2	2015-07-02.09:34:46	37	114	5
2	2	2015-07-02.09:34:51	37	114	5
2	2	2015-07-02.09:34:55	34	114	5
2	2	2015-07-02.09:35:00	31	114	5
9	5	2015-07-02.09:35:05	29	118	5
3	2	2015-07-02.09:35:09	26	116	5
2	2	2015-07-02.09:35:14	48	116	5
2	2	2015-07-02.09:35:18	44	116	5
2	2	2015-07-02.09:35:23	41	116	5
2	2	2015-07-02.09:35:27	37	116	5
2	2	2015-07-02.09:35:32	34	116	5
2	2	2015-07-02.09:35:36	32	116	5
2	2	2015-07-02.09:35:41	32	116	5
3	2	2015-07-02.09:35:45	29	116	5
3	2	2015-07-02.09:35:50	27	114	5
2	2	2015-07-02.09:35:54	25	114	5
2	2	2015-07-02.09:35:59	31	114	5
11	6	2015-07-02.09:36:03	28	124	5
2	2	2015-07-02.09:36:08	26	120	5
2	2	2015-07-02.09:36:13	24	120	5
2	2	2015-07-02.09:36:17	22	120	5
3	3	2015-07-02.09:36:22	20	120	5
2	2	2015-07-02.09:36:26	20	120	5
3	2	2015-07-02.09:36:31	18	116	5
2	2	2015-07-02.09:36:35	17	116	5
2	2	2015-07-02.09:36:40	16	116	5
3	2	2015-07-02.09:36:44	14	116	5
2	2	2015-07-02.09:36:49	13	114	5
2	2	2015-07-02.09:36:53	12	114	5
2	2	2015-07-02.09:36:58	19	114	5
9	5	2015-07-02.09:37:02	18	122	5
2	2	2015-07-02.09:37:07	16	120	5
2	2	2015-07-02.09:37:11	15	120	5
2	2	2015-07-02.09:37:16	15	116	5
2	2	2015-07-02.09:37:21	14	116	5
2	2	2015-07-02.09:37:25	12	117	5
7	6	2015-07-02.09:37:30	19	117	5
8	4	2015-07-02.09:37:34	18	122	2
2	2	2015-07-02.09:37:38	16	122	1
5	4	2015-07-02.09:37:42	15	117	1
8	3	2015-07-02.09:37:47	14	116	2
2	2	2015-07-02.09:37:51	14	116	2
3	2	2015-07-02.09:37:56	13	117	3
6	4	2015-07-02.09:38:00	12	118	3
12	7	2015-07-02.09:38:05	43	121	5
2	2	2015-07-02.09:38:09	39	117	5
3	2	2015-07-02.09:38:14	36	117	5
3	2	2015-07-02.09:38:18	33	117	5
4	3	2015-07-02.09:38:23	31	117	5
7	4	2015-07-02.09:38:27	28	121	1
9	3	2015-07-02.09:38:31	28	119	3
7	5	2015-07-02.09:38:36	26	121	5
2	2	2015-07-02.09:38:40	24	119	5
2	2	2015-07-02.09:38:45	22	117	5
2	2	2015-07-02.09:38:49	20	115	5
2	2	2015-07-02.09:38:54	18	115	5
3	2	2015-07-02.09:38:58	17	115	3
14	7	2015-07-02.09:39:02	80	127	1
2	2	2015-07-02.09:39:06	73	126	1
4	3	2015-07-02.09:39:11	73	121	1
3	2	2015-07-02.09:39:15	67	121	1
2	2	2015-07-02.09:39:19	62	121	1
1	1	2015-07-02.09:39:23	57	121	1
2	2	2015-07-02.09:39:27	52	121	1
2	2	2015-07-02.09:39:31	52	121	1
2	2	2015-07-02.09:39:35	48	121	1
3	2	2015-07-02.09:39:39	44	121	1
2	2	2015-07-02.09:39:43	41	117	1
2	2	2015-07-02.09:39:47	37	115	1
3	2	2015-07-02.09:39:51	37	115	1
2	2	2015-07-02.09:39:55	34	115	1
4	3	2015-07-02.09:39:59	32	115	1
11	6	2015-07-02.09:40:03	29	123	1
4	3	2015-07-02.09:40:07	59	121	1
1	1	2015-07-02.09:40:11	59	121	1
2	2	2015-07-02.09:40:15	54	121	1
2	2	2015-07-02.09:40:19	50	121	1
1	1	2015-07-02.09:40:23	46	121	1
2	2	2015-07-02.09:40:27	42	121	1
2	2	2015-07-02.09:40:31	42	121	1
2	2	2015-07-02.09:40:35	47	121	1
2	2	2015-07-02.09:40:39	43	121	1
3	2	2015-07-02.09:40:43	55	117	1
2	2	2015-07-02.09:40:47	51	115	1
2	2	2015-07-02.09:40:51	51	115	1
2	2	2015-07-02.09:40:55	47	115	1
3	2	2015-07-02.09:40:59	43	115	1
9	5	2015-07-02.09:41:03	40	120	1
2	2	2015-07-02.09:41:07	36	117	1
2	2	2015-07-02.09:41:11	33	117	1
2	2	2015-07-02.09:41:15	33	117	1
2	2	2015-07-02.09:41:19	31	117	1
2	2	2015-07-02.09:41:23	28	117	1
1	1	2015-07-02.09:41:28	26	117	1
3	2	2015-07-02.09:41:32	24	117	1
2	2	2015-07-02.09:41:36	24	117	1
1	1	2015-07-02.09:41:40	22	117	1
2	2	2015-07-02.09:41:44	20	117	1
2	2	2015-07-02.09:41:48	18	115	1
3	2	2015-07-02.09:41:52	17	115	1
2	2	2015-07-02.09:41:56	17	115	1
2	2	2015-07-02.09:42:00	16	115	1
11	6	2015-07-02.09:42:04	14	125	1
2	2	2015-07-02.09:42:08	13	121	1
2	2	2015-07-02.09:42:12	12	121	1
2	2	2015-07-02.09:42:16	12	121	1
2	2	2015-07-02.09:42:20	11	121	1
2	2	2015-07-02.09:42:24	10	121	1
2	2	2015-07-02.09:42:28	9	121	1
2	2	2015-07-02.09:42:32	9	117	1
2	2	2015-07-02.09:42:36	9	117	1
2	2	2015-07-02.09:42:40	8	117	1
2	2	2015-07-02.09:42:44	7	117	1
3	2	2015-07-02.09:42:48	7	115	1
2	2	2015-07-02.09:42:52	6	115	1
3	2	2015-07-02.09:42:56	6	115	1
9	4	2015-07-02.09:43:00	6	117	3
13	7	2015-07-02.09:43:05	45	122	3
7	4	2015-07-02.09:43:10	41	123	2
2	2	2015-07-02.09:43:14	46	121	1
6	4	2015-07-02.09:43:18	50	119	1
12	5	2015-07-02.09:43:22	46	118	2
4	3	2015-07-02.09:43:26	43	119	3
8	5	2015-07-02.09:43:31	43	120	5
7	4	2015-07-02.09:43:35	39	122	1
2	2	2015-07-02.09:43:39	68	121	1
2	2	2015-07-02.09:43:43	63	117	1
2	2	2015-07-02.09:43:47	58	115	1
2	2	2015-07-02.09:43:51	53	115	1
2	2	2015-07-02.09:43:55	53	115	1
2	2	2015-07-02.09:44:00	49	115	1
9	5	2015-07-02.09:44:04	45	119	1
2	2	2015-07-02.09:44:08	41	117	1
1	1	2015-07-02.09:44:12	38	117	1
2	2	2015-07-02.09:44:16	38	117	1
2	2	2015-07-02.09:44:20	35	117	1
2	2	2015-07-02.09:44:24	32	117	1
2	2	2015-07-02.09:44:28	29	117	1
2	2	2015-07-02.09:44:32	27	117	1
2	2	2015-07-02.09:44:36	27	117	1
2	2	2015-07-02.09:44:40	25	117	1
2	2	2015-07-02.09:44:44	23	117	1
2	2	2015-07-02.09:44:48	21	115	1
2	2	2015-07-02.09:44:52	19	115	1
2	2	2015-07-02.09:44:56	19	115	1
2	2	2015-07-02.09:45:00	18	115	1
11	5	2015-07-02.09:45:04	16	125	1
4	3	2015-07-02.09:45:08	15	117	1
2	2	2015-07-02.09:45:12	14	117	1
2	2	2015-07-02.09:45:16	14	117	1
2	2	2015-07-02.09:45:20	13	117	1
2	2	2015-07-02.09:45:24	12	117	1
2	2	2015-07-02.09:45:28	11	117	1
2	2	2015-07-02.09:45:32	10	117	1
2	2	2015-07-02.09:45:36	10	117	1
2	2	2015-07-02.09:45:40	9	117	1
2	2	2015-07-02.09:45:44	8	117	1
2	2	2015-07-02.09:45:48	8	115	1
1	1	2015-07-02.09:45:52	7	115	1
2	2	2015-07-02.09:45:56	6	115	1
2	2	2015-07-02.09:46:00	6	115	1
11	6	2015-07-02.09:46:04	6	119	1
2	2	2015-07-02.09:46:08	5	117	1
2	2	2015-07-02.09:46:12	5	117	1
3	2	2015-07-02.09:46:17	4	117	1
2	2	2015-07-02.09:46:21	4	117	1
2	2	2015-07-02.09:46:25	4	117	1
2	2	2015-07-02.09:46:29	4	117	1
2	2	2015-07-02.09:46:33	3	117	1
2	2	2015-07-02.09:46:37	3	117	1
2	2	2015-07-02.09:46:41	3	117	1
3	3	2015-07-02.09:46:45	3	117	1
2	2	2015-07-02.09:46:49	3	115	1
1	1	2015-07-02.09:46:53	2	115	1
2	2	2015-07-02.09:46:57	2	115	1
2	2	2015-07-02.09:47:01	2	115	1
9	4	2015-07-02.09:47:05	2	119	1
2	2	2015-07-02.09:47:09	18	117	1
2	2	2015-07-02.09:47:13	16	117	1
2	2	2015-07-02.09:47:17	15	117	1
3	2	2015-07-02.09:47:21	15	117	1
2	2	2015-07-02.09:47:25	14	117	1
2	2	2015-07-02.09:47:29	13	117	1
1	1	2015-07-02.09:47:33	12	117	1
2	2	2015-07-02.09:47:37	11	117	1
3	2	2015-07-02.09:47:41	11	117	1
2	2	2015-07-02.09:47:45	10	117	1
2	2	2015-07-02.09:47:49	9	115	1
1	1	2015-07-02.09:47:53	8	115	1
2	2	2015-07-02.09:47:57	8	115	1
3	2	2015-07-02.09:48:01	8	124	1
11	7	2015-07-02.09:48:05	79	125	1
2	2	2015-07-02.09:48:09	73	121	1
2	2	2015-07-02.09:48:13	67	117	1
2	2	2015-07-02.09:48:17	61	117	1
2	2	2015-07-02.09:48:21	56	117	1
2	2	2015-07-02.09:48:26	56	117	1
1	1	2015-07-02.09:48:30	52	117	1
2	2	2015-07-02.09:48:34	48	117	1
2	2	2015-07-02.09:48:38	44	117	1
2	2	2015-07-02.09:48:42	40	117	1
2	2	2015-07-02.09:48:46	40	115	1
3	2	2015-07-02.09:48:50	37	115	1
2	2	2015-07-02.09:48:54	34	115	1
3	2	2015-07-02.09:48:58	31	115	1
11	6	2015-07-02.09:49:02	29	131	1
6	5	2015-07-02.09:49:06	29	125	1
2	2	2015-07-02.09:49:10	26	117	1
10	4	2015-07-02.09:49:14	24	119	3
7	5	2015-07-02.09:49:19	22	121	5
3	2	2015-07-02.09:49:23	21	120	5
8	4	2015-07-02.09:49:28	19	122	2
2	2	2015-07-02.09:49:32	17	122	1
2	2	2015-07-02.09:49:36	17	117	1
9	3	2015-07-02.09:49:40	40	119	3
4	3	2015-07-02.09:49:45	37	119	3
2	2	2015-07-02.09:49:49	34	116	2
6	4	2015-07-02.09:49:54	31	119	5
4	3	2015-07-02.09:49:58	29	119	5
14	9	2015-07-02.09:50:03	26	124	1
3	3	2015-07-02.09:50:07	24	117	1
2	2	2015-07-02.09:50:11	24	117	1
2	2	2015-07-02.09:50:15	22	117	1
2	2	2015-07-02.09:50:19	20	117	1
2	2	2015-07-02.09:50:23	19	117	1
2	2	2015-07-02.09:50:27	17	117	1
2	2	2015-07-02.09:50:31	17	117	1
3	3	2015-07-02.09:50:35	16	117	1
1	1	2015-07-02.09:50:39	14	117	1
2	1	2015-07-02.09:50:43	13	117	1
2	2	2015-07-02.09:50:47	12	115	1
2	2	2015-07-02.09:50:51	12	115	1
2	2	2015-07-02.09:50:55	11	115	1
2	2	2015-07-02.09:50:59	10	115	1
10	5	2015-07-02.09:51:03	9	125	1
4	3	2015-07-02.09:51:07	9	117	1
1	1	2015-07-02.09:51:11	9	117	1
2	2	2015-07-02.09:51:15	8	117	1
2	2	2015-07-02.09:51:19	7	117	1
1	1	2015-07-02.09:51:23	7	117	1
2	2	2015-07-02.09:51:27	6	117	1
1	1	2015-07-02.09:51:31	6	117	1
2	2	2015-07-02.09:51:35	6	117	1
2	2	2015-07-02.09:51:39	5	117	1
1	1	2015-07-02.09:51:43	5	117	1
2	2	2015-07-02.09:51:47	4	115	1
1	1	2015-07-02.09:51:51	4	115	1
2	2	2015-07-02.09:51:56	4	115	1
1	1	2015-07-02.09:52:00	4	115	1
9	5	2015-07-02.09:52:04	35	123	1
3	2	2015-07-02.09:52:08	32	121	1
2	2	2015-07-02.09:52:12	30	121	1
2	2	2015-07-02.09:52:16	30	121	1
2	2	2015-07-02.09:52:20	27	121	1
2	2	2015-07-02.09:52:24	25	121	1
2	2	2015-07-02.09:52:28	23	117	1
2	2	2015-07-02.09:52:32	21	117	1
2	2	2015-07-02.09:52:36	21	117	1
2	2	2015-07-02.09:52:40	20	117	1
9	3	2015-07-02.09:52:44	18	119	3
3	2	2015-07-02.09:52:49	16	117	3
6	4	2015-07-02.09:52:53	15	118	5
3	2	2015-07-02.09:52:58	14	116	5
9	5	2015-07-02.09:53:02	13	121	5
3	3	2015-07-02.09:53:07	12	119	5
2	2	2015-07-02.09:53:11	12	117	5
3	2	2015-07-02.09:53:16	11	117	5
2	2	2015-07-02.09:53:20	26	117	5
2	2	2015-07-02.09:53:25	24	117	5
2	2	2015-07-02.09:53:29	22	117	5
2	2	2015-07-02.09:53:34	20	117	5
2	2	2015-07-02.09:53:38	18	117	5
2	2	2015-07-02.09:53:43	17	117	5
2	2	2015-07-02.09:53:48	16	115	5
2	2	2015-07-02.09:53:52	14	115	5
3	2	2015-07-02.09:53:57	13	115	5
11	7	2015-07-02.09:54:01	13	127	5
4	3	2015-07-02.09:54:06	12	125	5
2	2	2015-07-02.09:54:10	11	117	5
2	2	2015-07-02.09:54:15	10	117	5
2	2	2015-07-02.09:54:19	9	117	5
2	2	2015-07-02.09:54:24	9	117	5
2	2	2015-07-02.09:54:28	8	117	5
2	2	2015-07-02.09:54:33	7	117	5
2	2	2015-07-02.09:54:37	7	117	5
3	2	2015-07-02.09:54:42	6	117	5
2	2	2015-07-02.09:54:46	6	115	5
3	2	2015-07-02.09:54:51	6	115	5
4	3	2015-07-02.09:54:56	5	115	5
2	2	2015-07-02.09:55:00	5	115	5
10	6	2015-07-02.09:55:05	4	123	5
4	3	2015-07-02.09:55:09	4	117	5
3	2	2015-07-02.09:55:14	12	117	5
2	2	2015-07-02.09:55:18	11	117	5
2	2	2015-07-02.09:55:23	10	117	5
4	3	2015-07-02.09:55:27	9	117	5
2	2	2015-07-02.09:55:32	8	117	5
4	3	2015-07-02.09:55:36	8	117	5
2	2	2015-07-02.09:55:41	8	117	5
2	2	2015-07-02.09:55:45	7	115	5
5	4	2015-07-02.09:55:50	6	115	5
64	52	2015-07-02.09:55:55	14	115	5
87	68	2015-07-02.09:55:59	21	115	5
100	64	2015-07-02.09:56:04	123	119	5
61	32	2015-07-02.09:56:08	121	117	5
3	2	2015-07-02.09:56:13	112	117	5
2	2	2015-07-02.09:56:18	103	117	5
2	2	2015-07-02.09:56:22	94	117	5
3	3	2015-07-02.09:56:27	87	117	5
2	2	2015-07-02.09:56:31	87	117	5
3	2	2015-07-02.09:56:36	80	117	5
2	2	2015-07-02.09:56:40	73	117	5
3	2	2015-07-02.09:56:45	67	117	5
3	3	2015-07-02.09:56:49	62	115	5
2	2	2015-07-02.09:56:54	57	115	5
2	2	2015-07-02.09:56:58	52	115	5
12	8	2015-07-02.09:57:03	48	121	5
3	3	2015-07-02.09:57:07	44	117	5
2	2	2015-07-02.09:57:12	41	117	5
4	3	2015-07-02.09:57:16	41	117	5
2	2	2015-07-02.09:57:21	37	117	5
2	2	2015-07-02.09:57:26	34	117	5
2	2	2015-07-02.09:57:30	32	117	5
2	2	2015-07-02.09:57:35	29	117	5
2	2	2015-07-02.09:57:39	27	117	5
2	2	2015-07-02.09:57:44	25	117	5
2	2	2015-07-02.09:57:48	23	115	5
2	2	2015-07-02.09:57:53	21	115	5
3	2	2015-07-02.09:57:57	19	115	5
9	5	2015-07-02.09:58:02	18	125	5
4	3	2015-07-02.09:58:06	18	121	5
2	2	2015-07-02.09:58:11	16	121	5
2	2	2015-07-02.09:58:15	15	121	5
3	2	2015-07-02.09:58:20	14	121	5
2	2	2015-07-02.09:58:24	20	121	5
2	2	2015-07-02.09:58:29	19	121	5
3	2	2015-07-02.09:58:34	17	117	5
2	2	2015-07-02.09:58:38	16	117	5
2	2	2015-07-02.09:58:43	15	117	5
2	2	2015-07-02.09:58:47	13	115	5
3	2	2015-07-02.09:58:52	12	115	5
2	2	2015-07-02.09:58:56	12	115	5
2	2	2015-07-02.09:59:01	11	115	5
9	5	2015-07-02.09:59:05	10	119	5
2	2	2015-07-02.09:59:10	10	117	5
2	2	2015-07-02.09:59:14	9	117	5
3	2	2015-07-02.09:59:19	8	117	5
2	2	2015-07-02.09:59:23	7	117	5
2	2	2015-07-02.09:59:28	7	117	5
2	2	2015-07-02.09:59:32	6	117	5
2	2	2015-07-02.09:59:37	6	117	5
2	2	2015-07-02.09:59:42	6	117	5
2	2	2015-07-02.09:59:46	5	115	5
2	2	2015-07-02.09:59:51	5	115	5
2	2	2015-07-02.09:59:55	4	115	5
2	2	2015-07-02.10:00:00	4	115	5
10	6	2015-07-02.10:00:04	4	125	5
2	2	2015-07-02.10:00:09	3	121	5
2	2	2015-07-02.10:00:13	3	121	5
2	2	2015-07-02.10:00:18	3	121	5
2	2	2015-07-02.10:00:23	2	121	5
2	2	2015-07-02.10:00:27	2	122	5
2	2	2015-07-02.10:00:32	2	117	5
2	2	2015-07-02.10:00:36	2	117	5
2	2	2015-07-02.10:00:41	2	117	5
2	2	2015-07-02.10:00:45	2	117	5
2	2	2015-07-02.10:00:50	2	115	5
2	2	2015-07-02.10:00:54	1	115	5
2	2	2015-07-02.10:00:59	1	115	5
10	6	2015-07-02.10:01:03	33	123	5
3	3	2015-07-02.10:01:08	30	121	5
2	2	2015-07-02.10:01:12	28	121	5
2	2	2015-07-02.10:01:17	26	121	5
2	2	2015-07-02.10:01:21	26	121	5
4	3	2015-07-02.10:01:26	24	117	5
2	2	2015-07-02.10:01:31	22	117	5
2	2	2015-07-02.10:01:35	20	117	5
2	2	2015-07-02.10:01:40	18	117	5
2	2	2015-07-02.10:01:44	17	117	5
2	2	2015-07-02.10:01:49	15	115	5
2	2	2015-07-02.10:01:53	14	115	5
2	2	2015-07-02.10:01:58	13	115	5
8	4	2015-07-02.10:02:02	12	119	5
3	2	2015-07-02.10:02:07	11	117	5
2	2	2015-07-02.10:02:11	11	117	5
2	2	2015-07-02.10:02:16	10	117	5
2	2	2015-07-02.10:02:20	9	117	5
2	2	2015-07-02.10:02:25	8	117	5
2	2	2015-07-02.10:02:29	8	117	5
2	2	2015-07-02.10:02:34	7	117	5
3	2	2015-07-02.10:02:38	7	117	5
2	2	2015-07-02.10:02:43	6	117	5
3	2	2015-07-02.10:02:48	6	115	5
2	2	2015-07-02.10:02:52	5	115	5
2	2	2015-07-02.10:02:57	5	115	5
8	5	2015-07-02.10:03:01	5	128	5
6	4	2015-07-02.10:03:06	4	121	5
3	3	2015-07-02.10:03:10	4	117	5
2	2	2015-07-02.10:03:15	4	117	5
2	2	2015-07-02.10:03:19	3	117	5
2	2	2015-07-02.10:03:24	3	117	5
2	2	2015-07-02.10:03:28	3	117	5
2	2	2015-07-02.10:03:33	2	117	5
2	2	2015-07-02.10:03:37	2	117	5
2	2	2015-07-02.10:03:42	2	117	5
2	2	2015-07-02.10:03:46	2	115	5
4	3	2015-07-02.10:03:51	2	115	5
3	2	2015-07-02.10:03:56	2	115	5
2	2	2015-07-02.10:04:00	2	115	5
11	7	2015-07-02.10:04:05	1	119	5
3	2	2015-07-02.10:04:09	1	117	5
2	2	2015-07-02.10:04:14	1	117	5
2	2	2015-07-02.10:04:18	1	117	5
2	2	2015-07-02.10:04:23	1	117	5
3	2	2015-07-02.10:04:27	1	117	5
2	2	2015-07-02.10:04:32	1	117	5
3	2	2015-07-02.10:04:36	1	117	5
2	2	2015-07-02.10:04:41	1	117	5
3	2	2015-07-02.10:04:45	1	115	5
2	2	2015-07-02.10:04:50	0	115	5
2	2	2015-07-02.10:04:54	0	115	5
3	2	2015-07-02.10:04:59	0	115	5
10	5	2015-07-02.10:05:04	16	119	5
3	2	2015-07-02.10:05:08	15	117	5
