7	2	2010-08-02.10:00:01	24	157	3
17	3	2010-08-02.10:00:06	22	149	3
3	1	2010-08-02.10:00:10	22	143	3
3	1	2010-08-02.10:00:15	20	143	3
2	1	2010-08-02.10:00:19	19	143	3
3	1	2010-08-02.10:00:24	17	143	3
2	1	2010-08-02.10:00:29	16	143	3
3	1	2010-08-02.10:00:33	15	143	3
2	1	2010-08-02.10:00:38	13	143	3
3	1	2010-08-02.10:00:42	12	143	3
2	1	2010-08-02.10:00:47	11	141	3
2	1	2010-08-02.10:00:51	10	141	3
3	1	2010-08-02.10:00:56	10	141	3
2	1	2010-08-02.10:01:00	10	141	3
23	4	2010-08-02.10:01:05	121	149	3
2	1	2010-08-02.10:01:10	111	143	3
3	1	2010-08-02.10:01:14	102	143	3
2	1	2010-08-02.10:01:19	94	143	3
3	1	2010-08-02.10:01:23	86	143	3
2	1	2010-08-02.10:01:28	79	143	3
2	1	2010-08-02.10:01:32	73	143	3
2	1	2010-08-02.10:01:37	67	143	3
2	1	2010-08-02.10:01:42	62	143	3
3	1	2010-08-02.10:01:46	57	141	3
2	1	2010-08-02.10:01:51	52	141	3
3	1	2010-08-02.10:01:55	52	141	3
2	1	2010-08-02.10:02:00	48	141	3
20	3	2010-08-02.10:02:04	44	147	3
2	1	2010-08-02.10:02:09	41	143	3
3	1	2010-08-02.10:02:13	37	143	3
1	0	2010-08-02.10:02:18	34	143	3
3	1	2010-08-02.10:02:23	32	143	3
2	1	2010-08-02.10:02:27	29	143	3
2	1	2010-08-02.10:02:32	27	143	3
3	1	2010-08-02.10:02:36	25	143	3
2	1	2010-08-02.10:02:41	22	143	3
3	1	2010-08-02.10:02:45	22	143	3
2	1	2010-08-02.10:02:50	21	141	3
3	1	2010-08-02.10:02:55	19	141	3
2	1	2010-08-02.10:02:59	25	141	3
22	3	2010-08-02.10:03:04	23	149	3
3	1	2010-08-02.10:03:08	22	143	3
4	2	2010-08-02.10:03:13	20	143	3
2	1	2010-08-02.10:03:17	18	143	3
2	1	2010-08-02.10:03:22	17	143	3
2	1	2010-08-02.10:03:26	15	143	3
2	1	2010-08-02.10:03:31	14	143	3
3	1	2010-08-02.10:03:36	14	143	3
2	1	2010-08-02.10:03:40	13	143	3
3	1	2010-08-02.10:03:45	12	143	3
2	1	2010-08-02.10:03:49	11	141	3
3	1	2010-08-02.10:03:54	10	141	3
2	1	2010-08-02.10:03:58	9	141	3
23	4	2010-08-02.10:04:03	8	149	3
3	1	2010-08-02.10:04:07	8	143	3
2	1	2010-08-02.10:04:12	7	143	3
3	1	2010-08-02.10:04:17	6	143	3
2	1	2010-08-02.10:04:21	6	143	3
3	1	2010-08-02.10:04:26	5	143	3
2	1	2010-08-02.10:04:30	5	143	3
2	1	2010-08-02.10:04:35	5	143	3
3	1	2010-08-02.10:04:39	5	143	3
2	1	2010-08-02.10:04:44	4	142	3
3	1	2010-08-02.10:04:49	4	140	3
2	1	2010-08-02.10:04:53	4	141	3
2	1	2010-08-02.10:04:58	3	140	3
17	3	2010-08-02.10:05:02	3	151	3
5	1	2010-08-02.10:05:07	3	147	3
2	1	2010-08-02.10:05:11	2	143	3
4	2	2010-08-02.10:05:16	2	142	3
3	1	2010-08-02.10:05:20	2	142	3
3	1	2010-08-02.10:05:25	2	142	3
2	1	2010-08-02.10:05:30	2	142	3
2	1	2010-08-02.10:05:34	2	142	3
2	1	2010-08-02.10:05:39	2	142	3
3	1	2010-08-02.10:05:43	9	143	3
2	1	2010-08-02.10:05:48	17	141	3
2	1	2010-08-02.10:05:52	15	141	3
2	1	2010-08-02.10:05:57	14	141	3
11	2	2010-08-02.10:06:02	13	157	3
13	3	2010-08-02.10:06:06	12	149	3
5	2	2010-08-02.10:06:11	11	143	3
2	1	2010-08-02.10:06:15	11	143	3
2	1	2010-08-02.10:06:20	10	143	3
3	1	2010-08-02.10:06:24	9	143	3
3	1	2010-08-02.10:06:29	8	143	3
3	1	2010-08-02.10:06:34	16	143	4
2	1	2010-08-02.10:06:38	14	143	4
17	2	2010-08-02.10:06:43	13	145	3
35	6	2010-08-02.10:06:47	12	142	3
2	1	2010-08-02.10:06:52	11	142	3
3	1	2010-08-02.10:06:56	10	142	3
8	2	2010-08-02.10:07:01	9	158	3
17	2	2010-08-02.10:07:06	9	150	3
3	1	2010-08-02.10:07:10	17	144	3
3	1	2010-08-02.10:07:15	15	144	3
2	1	2010-08-02.10:07:19	14	144	3
3	1	2010-08-02.10:07:24	13	144	3
2	1	2010-08-02.10:07:28	12	145	3
3	1	2010-08-02.10:07:33	11	145	3
2	1	2010-08-02.10:07:38	10	145	3
2	1	2010-08-02.10:07:42	9	145	3
3	1	2010-08-02.10:07:47	8	143	3
2	1	2010-08-02.10:07:51	8	143	3
3	1	2010-08-02.10:07:56	7	143	3
2	1	2010-08-02.10:08:00	7	143	3
21	4	2010-08-02.10:08:05	14	149	3
2	1	2010-08-02.10:08:09	13	145	3
2	1	2010-08-02.10:08:14	12	145	3
2	1	2010-08-02.10:08:19	11	145	3
2	1	2010-08-02.10:08:23	10	145	3
3	1	2010-08-02.10:08:28	9	145	3
2	1	2010-08-02.10:08:32	9	145	3
3	1	2010-08-02.10:08:37	8	145	3
3	1	2010-08-02.10:08:41	7	145	3
2	1	2010-08-02.10:08:46	7	143	3
2	1	2010-08-02.10:08:51	7	143	3
2	1	2010-08-02.10:08:55	6	143	3
2	1	2010-08-02.10:09:00	6	143	3
23	4	2010-08-02.10:09:04	5	151	3
3	1	2010-08-02.10:09:09	5	145	3
2	1	2010-08-02.10:09:13	4	145	3
2	1	2010-08-02.10:09:18	4	144	3
4	2	2010-08-02.10:09:22	4	144	3
3	1	2010-08-02.10:09:27	3	144	3
2	1	2010-08-02.10:09:32	3	144	3
3	1	2010-08-02.10:09:36	3	144	4
3	1	2010-08-02.10:09:41	2	144	3
2	1	2010-08-02.10:09:45	2	144	4
3	1	2010-08-02.10:09:50	2	142	3
3	1	2010-08-02.10:09:54	2	142	3
2	1	2010-08-02.10:09:59	2	142	3
27	3	2010-08-02.10:10:04	2	150	3
3	1	2010-08-02.10:10:08	10	144	3
2	1	2010-08-02.10:10:13	9	144	3
5	1	2010-08-02.10:10:17	8	144	3
2	1	2010-08-02.10:10:22	7	144	3
5	1	2010-08-02.10:10:26	7	144	3
5	1	2010-08-02.10:10:31	6	144	3
2	1	2010-08-02.10:10:35	6	144	3
2	1	2010-08-02.10:10:40	6	144	3
2	1	2010-08-02.10:10:45	5	144	3
2	1	2010-08-02.10:10:49	5	142	3
3	1	2010-08-02.10:10:54	4	142	3
3	1	2010-08-02.10:10:58	4	142	3
20	3	2010-08-02.10:11:03	84	148	3
4	2	2010-08-02.10:11:07	77	144	3
2	1	2010-08-02.10:11:12	71	144	3
2	1	2010-08-02.10:11:16	81	144	3
2	1	2010-08-02.10:11:21	83	144	3
3	1	2010-08-02.10:11:26	76	144	3
2	1	2010-08-02.10:11:30	76	144	3
3	1	2010-08-02.10:11:35	70	144	3
3	1	2010-08-02.10:11:39	64	144	3
2	1	2010-08-02.10:11:44	59	144	3
3	1	2010-08-02.10:11:48	54	143	3
2	1	2010-08-02.10:11:53	50	143	3
3	1	2010-08-02.10:11:58	46	143	3
21	3	2010-08-02.10:12:02	42	155	3
4	1	2010-08-02.10:12:07	39	151	3
2	1	2010-08-02.10:12:11	36	144	3
2	1	2010-08-02.10:12:16	33	144	3
3	1	2010-08-02.10:12:20	33	144	4
3	1	2010-08-02.10:12:25	30	143	4
4	1	2010-08-02.10:12:29	28	143	3
2	1	2010-08-02.10:12:34	25	143	3
3	1	2010-08-02.10:12:39	23	143	3
2	1	2010-08-02.10:12:43	21	143	3
3	1	2010-08-02.10:12:48	20	141	3
2	1	2010-08-02.10:12:52	18	141	3
3	1	2010-08-02.10:12:57	17	141	3
2	1	2010-08-02.10:13:01	15	141	3
21	3	2010-08-02.10:13:06	14	149	3
3	1	2010-08-02.10:13:11	14	143	3
2	1	2010-08-02.10:13:15	13	143	3
3	1	2010-08-02.10:13:20	12	143	3
2	1	2010-08-02.10:13:24	11	143	3
2	1	2010-08-02.10:13:29	10	143	3
2	1	2010-08-02.10:13:33	17	143	3
3	1	2010-08-02.10:13:38	16	143	3
2	1	2010-08-02.10:13:42	14	143	3
2	1	2010-08-02.10:13:47	13	141	3
2	1	2010-08-02.10:13:52	12	141	3
3	1	2010-08-02.10:13:56	11	141	3
2	1	2010-08-02.10:14:01	10	141	3
19	3	2010-08-02.10:14:05	10	147	3
3	1	2010-08-02.10:14:10	9	143	3
2	1	2010-08-02.10:14:14	9	143	3
2	1	2010-08-02.10:14:19	8	143	3
2	1	2010-08-02.10:14:24	7	143	3
3	1	2010-08-02.10:14:28	7	143	3
2	1	2010-08-02.10:14:33	6	143	3
2	1	2010-08-02.10:14:37	6	143	3
2	1	2010-08-02.10:14:42	5	143	3
2	1	2010-08-02.10:14:46	13	141	3
2	1	2010-08-02.10:14:51	12	141	3
3	1	2010-08-02.10:14:55	12	141	3
2	1	2010-08-02.10:15:00	19	141	3
21	3	2010-08-02.10:15:05	17	149	3
3	1	2010-08-02.10:15:09	16	143	3
2	1	2010-08-02.10:15:14	14	143	3
3	1	2010-08-02.10:15:18	13	143	3
2	1	2010-08-02.10:15:23	12	143	3
2	1	2010-08-02.10:15:27	11	143	3
2	1	2010-08-02.10:15:32	10	143	3
2	1	2010-08-02.10:15:37	9	143	3
13	3	2010-08-02.10:15:41	9	143	3
13	2	2010-08-02.10:15:46	8	141	3
24	2	2010-08-02.10:15:50	8	141	3
12	2	2010-08-02.10:15:55	15	141	3
2	1	2010-08-02.10:15:59	14	142	3
22	4	2010-08-02.10:16:04	13	150	3
3	1	2010-08-02.10:16:08	12	144	3
2	1	2010-08-02.10:16:13	11	143	3
4	1	2010-08-02.10:16:18	10	143	3
2	1	2010-08-02.10:16:22	9	143	4
15	2	2010-08-02.10:16:27	24	143	3
4	1	2010-08-02.10:16:31	22	143	3
2	1	2010-08-02.10:16:36	21	143	3
3	1	2010-08-02.10:16:40	21	143	3
2	1	2010-08-02.10:16:45	19	143	3
3	1	2010-08-02.10:16:50	17	141	3
2	1	2010-08-02.10:16:54	16	141	3
3	1	2010-08-02.10:16:59	15	141	3
19	3	2010-08-02.10:17:03	13	147	3
3	1	2010-08-02.10:17:08	12	143	3
3	1	2010-08-02.10:17:12	11	143	3
2	1	2010-08-02.10:17:17	10	143	3
2	1	2010-08-02.10:17:21	10	143	3
2	1	2010-08-02.10:17:26	9	143	3
2	1	2010-08-02.10:17:31	8	143	3
2	1	2010-08-02.10:17:35	8	143	3
2	1	2010-08-02.10:17:40	7	143	3
2	1	2010-08-02.10:17:44	7	143	3
3	1	2010-08-02.10:17:49	6	141	3
2	1	2010-08-02.10:17:53	6	141	3
2	1	2010-08-02.10:17:58	5	141	3
20	3	2010-08-02.10:18:03	5	153	5
14	2	2010-08-02.10:18:07	20	149	5
2	1	2010-08-02.10:18:12	19	143	5
16	2	2010-08-02.10:18:16	25	143	5
31	3	2010-08-02.10:18:21	31	143	3
7	1	2010-08-02.10:18:25	31	143	3
14	2	2010-08-02.10:18:30	61	143	3
8	1	2010-08-02.10:18:35	56	143	3
13	2	2010-08-02.10:18:39	51	143	3
2	1	2010-08-02.10:18:44	47	143	3
3	1	2010-08-02.10:18:48	43	141	3
8	1	2010-08-02.10:18:53	40	141	3
22	2	2010-08-02.10:18:57	37	141	4
31	3	2010-08-02.10:19:02	34	153	3
6	2	2010-08-02.10:19:07	39	149	4
3	1	2010-08-02.10:19:11	36	143	4
3	1	2010-08-02.10:19:16	33	143	3
2	1	2010-08-02.10:19:20	33	143	3
3	1	2010-08-02.10:19:25	30	143	3
3	1	2010-08-02.10:19:29	28	143	3
2	1	2010-08-02.10:19:34	26	143	3
2	1	2010-08-02.10:19:39	24	143	3
2	1	2010-08-02.10:19:43	22	143	3
2	1	2010-08-02.10:19:48	20	141	3
2	1	2010-08-02.10:19:52	18	141	3
2	1	2010-08-02.10:19:57	17	141	3
3	1	2010-08-02.10:20:01	15	141	3
22	4	2010-08-02.10:20:06	22	148	3
2	1	2010-08-02.10:20:10	22	144	3
3	1	2010-08-02.10:20:15	36	144	3
3	1	2010-08-02.10:20:20	33	144	3
2	1	2010-08-02.10:20:24	31	144	3
3	1	2010-08-02.10:20:29	28	144	3
2	1	2010-08-02.10:20:33	26	144	3
2	1	2010-08-02.10:20:38	32	144	3
2	1	2010-08-02.10:20:42	29	144	3
2	1	2010-08-02.10:20:47	27	142	3
2	1	2010-08-02.10:20:52	25	142	3
2	1	2010-08-02.10:20:56	23	142	3
3	1	2010-08-02.10:21:01	21	142	3
20	3	2010-08-02.10:21:05	21	150	3
3	1	2010-08-02.10:21:10	19	144	3
3	1	2010-08-02.10:21:14	18	144	3
2	1	2010-08-02.10:21:19	16	144	3
2	1	2010-08-02.10:21:23	15	144	3
2	1	2010-08-02.10:21:28	14	144	3
3	1	2010-08-02.10:21:33	12	144	3
3	1	2010-08-02.10:21:37	11	144	3
2	1	2010-08-02.10:21:42	11	144	3
2	1	2010-08-02.10:21:46	10	142	3
2	1	2010-08-02.10:21:51	9	142	3
2	1	2010-08-02.10:21:55	9	142	3
3	1	2010-08-02.10:22:00	32	142	3
21	3	2010-08-02.10:22:04	30	150	3
3	1	2010-08-02.10:22:09	27	144	3
2	1	2010-08-02.10:22:14	25	144	3
3	1	2010-08-02.10:22:18	23	144	3
3	1	2010-08-02.10:22:23	21	144	3
3	1	2010-08-02.10:22:27	19	144	3
2	1	2010-08-02.10:22:32	18	144	3
2	1	2010-08-02.10:22:36	16	144	3
2	1	2010-08-02.10:22:41	15	144	3
2	1	2010-08-02.10:22:46	14	144	3
3	1	2010-08-02.10:22:50	14	142	3
2	1	2010-08-02.10:22:55	13	142	3
3	1	2010-08-02.10:22:59	12	142	3
20	3	2010-08-02.10:23:04	11	148	4
3	1	2010-08-02.10:23:08	10	144	3
2	1	2010-08-02.10:23:13	9	144	3
3	1	2010-08-02.10:23:18	8	144	3
2	1	2010-08-02.10:23:22	8	144	3
2	1	2010-08-02.10:23:27	7	144	3
3	1	2010-08-02.10:23:31	6	144	5
3	1	2010-08-02.10:23:36	6	144	3
3	1	2010-08-02.10:23:40	6	144	3
2	1	2010-08-02.10:23:45	5	144	3
3	1	2010-08-02.10:23:49	5	142	3
2	1	2010-08-02.10:23:54	4	142	3
3	1	2010-08-02.10:23:59	4	141	3
23	4	2010-08-02.10:24:03	4	149	3
3	1	2010-08-02.10:24:08	3	143	3
2	1	2010-08-02.10:24:12	3	143	3
2	1	2010-08-02.10:24:17	51	143	3
2	1	2010-08-02.10:24:21	47	143	3
3	1	2010-08-02.10:24:26	43	143	3
3	1	2010-08-02.10:24:30	48	143	5
2	1	2010-08-02.10:24:35	48	143	5
3	1	2010-08-02.10:24:40	44	143	5
2	1	2010-08-02.10:24:44	40	143	5
2	1	2010-08-02.10:24:49	37	141	5
2	1	2010-08-02.10:24:53	34	141	3
2	1	2010-08-02.10:24:58	31	141	3
24	4	2010-08-02.10:25:02	29	149	3
3	1	2010-08-02.10:25:07	26	143	3
3	1	2010-08-02.10:25:12	24	143	3
2	1	2010-08-02.10:25:16	22	143	3
3	1	2010-08-02.10:25:21	20	143	3
2	1	2010-08-02.10:25:25	20	143	3
3	1	2010-08-02.10:25:30	19	143	3
2	1	2010-08-02.10:25:34	17	143	3
2	1	2010-08-02.10:25:39	16	143	3
2	1	2010-08-02.10:25:44	15	143	3
2	1	2010-08-02.10:25:48	13	141	3
2	1	2010-08-02.10:25:53	12	141	3
2	1	2010-08-02.10:25:57	11	141	3
19	4	2010-08-02.10:26:02	10	153	3
9	2	2010-08-02.10:26:06	10	147	3
3	1	2010-08-02.10:26:11	9	143	3
2	1	2010-08-02.10:26:15	9	143	3
3	1	2010-08-02.10:26:20	16	143	3
2	1	2010-08-02.10:26:25	15	143	3
2	1	2010-08-02.10:26:29	13	143	3
2	1	2010-08-02.10:26:34	12	143	3
2	1	2010-08-02.10:26:38	11	143	3
2	1	2010-08-02.10:26:43	10	143	3
2	1	2010-08-02.10:26:47	10	141	3
3	1	2010-08-02.10:26:52	9	141	3
2	1	2010-08-02.10:26:56	8	141	3
11	2	2010-08-02.10:27:01	7	157	3
14	2	2010-08-02.10:27:06	15	150	3
3	1	2010-08-02.10:27:10	15	144	3
2	1	2010-08-02.10:27:15	13	144	3
2	1	2010-08-02.10:27:19	12	144	3
3	1	2010-08-02.10:27:24	11	144	3
2	1	2010-08-02.10:27:29	10	144	3
3	1	2010-08-02.10:27:33	18	144	3
2	1	2010-08-02.10:27:38	16	144	3
3	1	2010-08-02.10:27:42	15	144	3
2	1	2010-08-02.10:27:47	14	142	3
3	1	2010-08-02.10:27:51	12	142	3
2	1	2010-08-02.10:27:56	19	142	3
3	1	2010-08-02.10:28:00	18	142	3
21	3	2010-08-02.10:28:05	18	150	3
3	1	2010-08-02.10:28:10	16	144	3
2	1	2010-08-02.10:28:14	15	144	3
2	1	2010-08-02.10:28:19	14	144	3
3	1	2010-08-02.10:28:23	13	144	3
2	1	2010-08-02.10:28:28	12	144	3
2	1	2010-08-02.10:28:32	11	144	3
2	1	2010-08-02.10:28:37	10	144	3
3	1	2010-08-02.10:28:42	9	144	3
2	1	2010-08-02.10:28:46	8	142	3
2	1	2010-08-02.10:28:51	8	142	3
3	1	2010-08-02.10:28:55	8	142	3
2	1	2010-08-02.10:29:00	7	142	3
21	3	2010-08-02.10:29:04	6	148	3
3	1	2010-08-02.10:29:09	6	144	3
3	1	2010-08-02.10:29:14	5	144	3
2	1	2010-08-02.10:29:18	5	144	3
4	2	2010-08-02.10:29:23	4	144	3
2	1	2010-08-02.10:29:27	4	144	3
3	1	2010-08-02.10:29:32	4	144	3
14	3	2010-08-02.10:29:36	3	145	3
35	4	2010-08-02.10:29:41	11	146	3
25	2	2010-08-02.10:29:46	10	142	3
2	1	2010-08-02.10:29:50	10	142	3
3	1	2010-08-02.10:29:55	9	142	3
2	1	2010-08-02.10:29:59	9	142	3
22	4	2010-08-02.10:30:04	8	153	3
3	1	2010-08-02.10:30:08	7	147	3
3	1	2010-08-02.10:30:13	7	144	3
2	1	2010-08-02.10:30:17	6	144	3
3	1	2010-08-02.10:30:22	6	144	3
2	1	2010-08-02.10:30:27	13	144	3
2	1	2010-08-02.10:30:31	12	144	3
2	1	2010-08-02.10:30:36	11	144	3
2	1	2010-08-02.10:30:40	11	144	3
2	1	2010-08-02.10:30:45	10	144	3
2	1	2010-08-02.10:30:49	9	142	3
3	1	2010-08-02.10:30:54	8	142	3
2	1	2010-08-02.10:30:58	8	142	3
21	3	2010-08-02.10:31:03	7	150	3
3	1	2010-08-02.10:31:08	23	144	3
3	1	2010-08-02.10:31:12	29	144	3
2	1	2010-08-02.10:31:17	26	144	3
2	1	2010-08-02.10:31:21	24	144	3
2	1	2010-08-02.10:31:26	22	144	3
2	1	2010-08-02.10:31:30	20	144	3
2	1	2010-08-02.10:31:35	20	144	3
2	1	2010-08-02.10:31:40	19	144	3
2	1	2010-08-02.10:31:44	17	144	3
2	1	2010-08-02.10:31:49	16	142	3
3	1	2010-08-02.10:31:53	15	142	3
2	1	2010-08-02.10:31:58	13	142	3
19	3	2010-08-02.10:32:02	12	148	3
3	1	2010-08-02.10:32:07	11	146	3
2	1	2010-08-02.10:32:11	18	144	3
3	1	2010-08-02.10:32:16	17	144	3
2	1	2010-08-02.10:32:21	15	144	3
2	1	2010-08-02.10:32:25	15	144	3
2	1	2010-08-02.10:32:30	14	144	3
3	1	2010-08-02.10:32:34	13	144	3
2	1	2010-08-02.10:32:39	12	144	3
2	1	2010-08-02.10:32:43	11	144	3
2	1	2010-08-02.10:32:48	10	142	3
3	1	2010-08-02.10:32:53	9	142	3
2	1	2010-08-02.10:32:57	8	142	3
7	2	2010-08-02.10:33:02	8	160	3
19	3	2010-08-02.10:33:06	15	150	3
3	1	2010-08-02.10:33:11	14	144	3
2	1	2010-08-02.10:33:15	13	144	3
3	1	2010-08-02.10:33:20	13	144	3
2	1	2010-08-02.10:33:25	12	144	3
2	1	2010-08-02.10:33:29	11	144	3
2	1	2010-08-02.10:33:34	10	144	3
2	1	2010-08-02.10:33:38	9	144	3
3	1	2010-08-02.10:33:43	8	144	3
2	1	2010-08-02.10:33:47	8	142	3
3	1	2010-08-02.10:33:52	7	142	3
3	1	2010-08-02.10:33:56	6	142	3
4	1	2010-08-02.10:34:01	6	159	3
19	2	2010-08-02.10:34:06	5	150	3
3	1	2010-08-02.10:34:10	5	144	3
2	1	2010-08-02.10:34:15	5	144	3
2	1	2010-08-02.10:34:19	5	144	3
3	1	2010-08-02.10:34:24	4	144	3
2	1	2010-08-02.10:34:28	4	144	3
3	1	2010-08-02.10:34:33	3	144	3
2	1	2010-08-02.10:34:38	3	144	3
2	1	2010-08-02.10:34:42	3	144	3
2	1	2010-08-02.10:34:47	3	142	3
2	1	2010-08-02.10:34:51	2	142	3
3	1	2010-08-02.10:34:56	2	142	3
2	1	2010-08-02.10:35:00	2	142	3
19	3	2010-08-02.10:35:05	2	148	3
3	1	2010-08-02.10:35:09	2	144	3
3	1	2010-08-02.10:35:14	2	144	3
3	1	2010-08-02.10:35:19	2	143	3
42	3	2010-08-02.10:35:23	33	143	3
2	1	2010-08-02.10:35:28	31	143	3
16	2	2010-08-02.10:35:32	28	143	3
14	1	2010-08-02.10:35:37	26	143	4
14	2	2010-08-02.10:35:42	40	143	4
66	3	2010-08-02.10:35:46	37	142	3
40	2	2010-08-02.10:35:51	34	142	3
2	1	2010-08-02.10:35:56	31	142	3
2	1	2010-08-02.10:36:00	31	142	3
22	4	2010-08-02.10:36:05	28	150	3
2	1	2010-08-02.10:36:09	26	144	3
3	1	2010-08-02.10:36:14	24	144	3
2	1	2010-08-02.10:36:18	30	144	3
3	1	2010-08-02.10:36:23	28	144	3
2	1	2010-08-02.10:36:28	25	144	3
3	1	2010-08-02.10:36:32	23	144	3
2	1	2010-08-02.10:36:37	21	144	3
2	1	2010-08-02.10:36:41	20	144	3
2	1	2010-08-02.10:36:46	18	142	3
2	1	2010-08-02.10:36:50	17	142	3
3	1	2010-08-02.10:36:55	17	142	3
2	1	2010-08-02.10:36:59	15	142	3
23	4	2010-08-02.10:37:04	14	150	3
2	1	2010-08-02.10:37:09	13	144	3
2	1	2010-08-02.10:37:13	12	144	3
2	1	2010-08-02.10:37:18	11	144	3
2	1	2010-08-02.10:37:22	10	144	3
2	1	2010-08-02.10:37:27	17	144	3
2	1	2010-08-02.10:37:31	16	144	3
2	1	2010-08-02.10:37:36	14	144	3
2	1	2010-08-02.10:37:41	13	144	3
3	1	2010-08-02.10:37:45	13	144	3
2	1	2010-08-02.10:37:50	12	142	3
3	1	2010-08-02.10:37:54	11	142	3
2	1	2010-08-02.10:37:59	10	142	3
19	3	2010-08-02.10:38:03	9	148	3
3	1	2010-08-02.10:38:08	9	144	3
3	1	2010-08-02.10:38:12	8	144	3
2	1	2010-08-02.10:38:17	7	144	3
2	1	2010-08-02.10:38:22	7	144	3
3	1	2010-08-02.10:38:26	6	144	3
2	1	2010-08-02.10:38:31	6	144	3
31	2	2010-08-02.10:38:35	5	144	3
11	1	2010-08-02.10:38:40	5	144	3
27	2	2010-08-02.10:38:44	5	144	3
17	2	2010-08-02.10:38:49	12	142	3
2	1	2010-08-02.10:38:54	11	142	3
2	1	2010-08-02.10:38:58	10	142	3
21	3	2010-08-02.10:39:03	10	151	3
3	1	2010-08-02.10:39:07	9	147	3
2	1	2010-08-02.10:39:12	8	145	3
3	1	2010-08-02.10:39:16	7	145	3
2	1	2010-08-02.10:39:21	7	145	3
3	1	2010-08-02.10:39:26	6	145	3
2	1	2010-08-02.10:39:30	6	144	3
3	1	2010-08-02.10:39:35	6	144	3
10	2	2010-08-02.10:39:39	21	144	3
2	1	2010-08-02.10:39:44	19	144	4
3	1	2010-08-02.10:39:48	18	142	3
2	1	2010-08-02.10:39:53	16	142	3
2	1	2010-08-02.10:39:58	15	142	3
21	3	2010-08-02.10:40:02	14	150	3
2	1	2010-08-02.10:40:07	13	148	3
2	1	2010-08-02.10:40:11	12	144	3
46	4	2010-08-02.10:40:16	35	146	3
22	5	2010-08-02.10:40:20	32	145	3
3	1	2010-08-02.10:40:25	32	145	3
2	1	2010-08-02.10:40:30	29	145	3
2	1	2010-08-02.10:40:34	27	145	3
2	1	2010-08-02.10:40:39	25	145	3
2	1	2010-08-02.10:40:43	23	145	3
3	1	2010-08-02.10:40:48	21	143	3
3	1	2010-08-02.10:40:52	19	143	3
3	1	2010-08-02.10:40:57	18	143	3
17	3	2010-08-02.10:41:01	16	153	3
5	2	2010-08-02.10:41:06	15	149	3
2	1	2010-08-02.10:41:11	14	145	3
3	1	2010-08-02.10:41:15	14	145	3
3	1	2010-08-02.10:41:20	13	146	3
2	1	2010-08-02.10:41:24	20	146	3
2	1	2010-08-02.10:41:29	18	146	3
3	1	2010-08-02.10:41:33	24	146	3
2	1	2010-08-02.10:41:38	22	146	3
2	1	2010-08-02.10:41:42	21	145	3
2	1	2010-08-02.10:41:47	19	143	3
2	1	2010-08-02.10:41:52	17	143	3
2	1	2010-08-02.10:41:56	16	143	3
2	1	2010-08-02.10:42:01	15	143	3
24	4	2010-08-02.10:42:05	13	151	3
3	1	2010-08-02.10:42:10	13	145	3
2	1	2010-08-02.10:42:14	12	145	3
2	1	2010-08-02.10:42:19	11	145	3
2	1	2010-08-02.10:42:24	10	145	3
2	1	2010-08-02.10:42:28	10	145	3
2	1	2010-08-02.10:42:33	9	145	3
3	1	2010-08-02.10:42:37	8	145	3
3	2	2010-08-02.10:42:42	7	144	3
3	1	2010-08-02.10:42:46	7	143	3
2	1	2010-08-02.10:42:51	6	143	3
3	1	2010-08-02.10:42:55	6	143	3
3	1	2010-08-02.10:43:00	6	143	3
21	3	2010-08-02.10:43:05	5	151	3
3	1	2010-08-02.10:43:09	5	145	3
2	1	2010-08-02.10:43:14	4	145	3
3	1	2010-08-02.10:43:18	4	145	3
2	1	2010-08-02.10:43:23	4	145	3
3	1	2010-08-02.10:43:27	19	145	3
2	1	2010-08-02.10:43:32	18	145	3
2	1	2010-08-02.10:43:37	16	145	3
2	1	2010-08-02.10:43:41	15	145	4
3	1	2010-08-02.10:43:46	14	143	3
2	1	2010-08-02.10:43:50	13	143	3
3	1	2010-08-02.10:43:55	13	143	3
2	1	2010-08-02.10:43:59	12	143	3
20	3	2010-08-02.10:44:04	11	149	3
3	1	2010-08-02.10:44:08	10	145	3
2	1	2010-08-02.10:44:13	9	145	3
2	1	2010-08-02.10:44:18	8	145	3
3	1	2010-08-02.10:44:22	8	145	3
2	1	2010-08-02.10:44:27	7	145	3
2	1	2010-08-02.10:44:31	6	145	3
3	1	2010-08-02.10:44:36	6	145	3
2	1	2010-08-02.10:44:40	5	145	3
2	1	2010-08-02.10:44:45	5	145	3
3	1	2010-08-02.10:44:50	5	143	3
2	1	2010-08-02.10:44:54	4	143	3
3	1	2010-08-02.10:44:59	12	143	3
23	3	2010-08-02.10:45:03	11	151	3
3	1	2010-08-02.10:45:08	10	145	3
2	1	2010-08-02.10:45:12	9	145	3
3	1	2010-08-02.10:45:17	9	145	3
2	1	2010-08-02.10:45:21	8	145	3
3	1	2010-08-02.10:45:26	7	145	3
2	1	2010-08-02.10:45:31	7	145	3
2	1	2010-08-02.10:45:35	7	145	3
2	1	2010-08-02.10:45:40	6	145	3
2	1	2010-08-02.10:45:44	22	145	3
2	1	2010-08-02.10:45:49	20	143	3
2	1	2010-08-02.10:45:53	18	143	3
2	1	2010-08-02.10:45:58	17	143	3
20	3	2010-08-02.10:46:03	15	151	3
3	1	2010-08-02.10:46:07	14	147	3
2	1	2010-08-02.10:46:12	13	145	3
3	1	2010-08-02.10:46:16	12	145	3
2	1	2010-08-02.10:46:21	11	145	3
2	1	2010-08-02.10:46:25	10	145	3
2	1	2010-08-02.10:46:30	10	145	3
3	1	2010-08-02.10:46:34	17	145	3
2	1	2010-08-02.10:46:39	16	145	3
2	1	2010-08-02.10:46:44	14	145	3
4	2	2010-08-02.10:46:48	13	143	3
2	1	2010-08-02.10:46:53	12	143	3
2	1	2010-08-02.10:46:57	11	143	3
11	2	2010-08-02.10:47:02	10	157	3
12	2	2010-08-02.10:47:06	9	149	3
3	1	2010-08-02.10:47:11	9	145	3
2	1	2010-08-02.10:47:16	8	145	3
8	1	2010-08-02.10:47:20	8	145	3
38	2	2010-08-02.10:47:25	31	145	3
11	2	2010-08-02.10:47:29	37	145	3
2	1	2010-08-02.10:47:34	34	145	3
4	1	2010-08-02.10:47:38	31	145	3
2	1	2010-08-02.10:47:43	29	145	3
2	1	2010-08-02.10:47:48	26	143	3
28	3	2010-08-02.10:47:52	32	143	3
2	1	2010-08-02.10:47:57	30	143	3
8	2	2010-08-02.10:48:01	27	157	3
18	3	2010-08-02.10:48:06	25	151	3
3	1	2010-08-02.10:48:11	23	145	3
3	1	2010-08-02.10:48:15	23	146	3
9	1	2010-08-02.10:48:20	21	146	3
3	1	2010-08-02.10:48:24	19	146	3
10	1	2010-08-02.10:48:29	18	145	3
3	1	2010-08-02.10:48:33	16	145	3
3	1	2010-08-02.10:48:38	15	145	3
3	1	2010-08-02.10:48:42	14	145	3
3	1	2010-08-02.10:48:47	13	143	3
2	1	2010-08-02.10:48:52	12	143	3
2	1	2010-08-02.10:48:56	11	143	3
3	1	2010-08-02.10:49:01	10	143	3
21	3	2010-08-02.10:49:05	9	151	3
3	1	2010-08-02.10:49:10	9	145	3
3	1	2010-08-02.10:49:14	8	145	3
2	1	2010-08-02.10:49:19	16	145	3
3	1	2010-08-02.10:49:24	14	145	3
2	1	2010-08-02.10:49:28	13	145	3
2	1	2010-08-02.10:49:33	12	145	3
2	1	2010-08-02.10:49:37	11	145	3
2	1	2010-08-02.10:49:42	10	145	3
2	1	2010-08-02.10:49:46	9	143	3
2	1	2010-08-02.10:49:51	9	143	3
3	1	2010-08-02.10:49:55	8	143	3
2	1	2010-08-02.10:50:00	8	143	3
19	3	2010-08-02.10:50:05	7	149	3
3	1	2010-08-02.10:50:09	7	145	3
3	1	2010-08-02.10:50:14	6	145	3
2	1	2010-08-02.10:50:18	6	145	3
3	1	2010-08-02.10:50:23	5	145	3
2	1	2010-08-02.10:50:27	5	145	3
3	1	2010-08-02.10:50:32	4	145	3
2	1	2010-08-02.10:50:37	4	145	3
2	1	2010-08-02.10:50:41	12	145	3
3	1	2010-08-02.10:50:46	11	143	3
2	1	2010-08-02.10:50:50	10	143	3
2	1	2010-08-02.10:50:55	10	143	3
3	1	2010-08-02.10:50:59	9	143	3
23	4	2010-08-02.10:51:04	8	151	3
3	1	2010-08-02.10:51:08	8	145	3
2	1	2010-08-02.10:51:13	7	145	3
2	1	2010-08-02.10:51:18	6	145	3
2	1	2010-08-02.10:51:22	6	145	3
10	1	2010-08-02.10:51:27	13	145	3
2	1	2010-08-02.10:51:31	12	145	3
3	1	2010-08-02.10:51:36	19	145	3
3	1	2010-08-02.10:51:40	18	145	3
2	1	2010-08-02.10:51:45	18	145	3
3	1	2010-08-02.10:51:50	16	143	3
2	1	2010-08-02.10:51:54	15	143	3
2	1	2010-08-02.10:51:59	14	143	3
22	4	2010-08-02.10:52:03	13	151	3
3	1	2010-08-02.10:52:08	12	145	3
3	1	2010-08-02.10:52:12	11	145	3
3	1	2010-08-02.10:52:17	18	145	3
4	1	2010-08-02.10:52:21	16	145	3
2	1	2010-08-02.10:52:26	15	145	3
2	1	2010-08-02.10:52:31	14	145	3
3	1	2010-08-02.10:52:35	14	145	3
3	1	2010-08-02.10:52:40	13	145	3
7	1	2010-08-02.10:52:44	12	145	3
2	1	2010-08-02.10:52:49	11	143	3
3	1	2010-08-02.10:52:53	10	144	3
3	1	2010-08-02.10:52:58	9	144	3
21	3	2010-08-02.10:53:03	8	150	3
3	1	2010-08-02.10:53:07	8	146	3
10	1	2010-08-02.10:53:12	15	146	3
2	1	2010-08-02.10:53:16	14	146	3
5	1	2010-08-02.10:53:21	13	146	3
2	1	2010-08-02.10:53:25	12	146	3
3	1	2010-08-02.10:53:30	12	146	3
7	1	2010-08-02.10:53:34	19	146	3
2	1	2010-08-02.10:53:39	17	146	3
2	1	2010-08-02.10:53:44	16	146	3
2	1	2010-08-02.10:53:48	14	144	3
2	1	2010-08-02.10:53:53	13	144	3
3	1	2010-08-02.10:53:57	12	144	3
17	3	2010-08-02.10:54:02	11	158	3
9	2	2010-08-02.10:54:06	10	152	3
3	1	2010-08-02.10:54:11	9	145	3
2	1	2010-08-02.10:54:16	9	145	3
2	1	2010-08-02.10:54:20	9	145	3
2	1	2010-08-02.10:54:25	8	145	3
2	1	2010-08-02.10:54:29	7	145	3
3	1	2010-08-02.10:54:34	7	145	3
3	1	2010-08-02.10:54:38	6	146	3
3	1	2010-08-02.10:54:43	6	146	3
2	1	2010-08-02.10:54:47	5	143	3
2	1	2010-08-02.10:54:52	5	143	3
2	1	2010-08-02.10:54:57	4	143	3
11	2	2010-08-02.10:55:01	4	159	3
14	2	2010-08-02.10:55:06	4	151	3
3	1	2010-08-02.10:55:10	3	145	3
3	1	2010-08-02.10:55:15	3	145	3
3	1	2010-08-02.10:55:19	3	145	3
7	1	2010-08-02.10:55:24	3	145	3
41	3	2010-08-02.10:55:29	2	145	3
4	1	2010-08-02.10:55:33	2	145	3
2	1	2010-08-02.10:55:38	2	145	3
2	1	2010-08-02.10:55:42	2	145	4
3	1	2010-08-02.10:55:47	2	143	3
8	1	2010-08-02.10:55:51	2	144	3
8	2	2010-08-02.10:55:56	1	144	3
7	1	2010-08-02.10:56:01	1	144	3
21	3	2010-08-02.10:56:05	1	150	3
4	1	2010-08-02.10:56:10	1	146	3
3	1	2010-08-02.10:56:14	1	146	3
7	2	2010-08-02.10:56:19	1	146	3
7	1	2010-08-02.10:56:23	1	146	3
6	1	2010-08-02.10:56:28	1	146	3
2	1	2010-08-02.10:56:32	1	145	3
18	2	2010-08-02.10:56:37	1	145	3
3	1	2010-08-02.10:56:42	0	145	3
9	2	2010-08-02.10:56:46	0	143	3
8	1	2010-08-02.10:56:51	8	143	4
23	2	2010-08-02.10:56:55	8	143	3
18	2	2010-08-02.10:57:00	8	143	4
29	4	2010-08-02.10:57:04	7	151	3
9	1	2010-08-02.10:57:09	14	145	4
22	2	2010-08-02.10:57:14	13	145	3
6	1	2010-08-02.10:57:18	20	146	4
7	1	2010-08-02.10:57:23	19	146	3
5	1	2010-08-02.10:57:27	17	146	3
6	1	2010-08-02.10:57:32	16	146	4
7	1	2010-08-02.10:57:36	14	146	3
6	1	2010-08-02.10:57:41	13	146	4
9	2	2010-08-02.10:57:46	12	145	5
4	1	2010-08-02.10:57:50	12	144	4
4	1	2010-08-02.10:57:55	19	145	6
3	1	2010-08-02.10:57:59	18	144	6
23	3	2010-08-02.10:58:04	16	152	6
3	1	2010-08-02.10:58:08	15	146	6
3	1	2010-08-02.10:58:13	14	146	6
3	1	2010-08-02.10:58:18	13	146	6
13	2	2010-08-02.10:58:22	12	149	3
6	1	2010-08-02.10:58:27	11	146	3
7	2	2010-08-02.10:58:31	10	146	3
6	1	2010-08-02.10:58:36	9	146	4
5	1	2010-08-02.10:58:40	8	146	4
11	2	2010-08-02.10:58:45	8	146	3
9	2	2010-08-02.10:58:49	8	144	3
6	1	2010-08-02.10:58:54	15	144	3
6	1	2010-08-02.10:58:59	14	144	3
24	4	2010-08-02.10:59:03	13	150	3
9	2	2010-08-02.10:59:08	20	146	3
6	1	2010-08-02.10:59:12	26	146	3
5	1	2010-08-02.10:59:17	32	146	3
6	1	2010-08-02.10:59:21	61	146	3
7	2	2010-08-02.10:59:26	80	146	3
7	2	2010-08-02.10:59:31	74	146	3
5	1	2010-08-02.10:59:35	74	146	3
7	1	2010-08-02.10:59:40	84	146	3
6	1	2010-08-02.10:59:44	77	146	3
6	1	2010-08-02.10:59:49	71	144	3
5	1	2010-08-02.10:59:53	65	144	3
9	2	2010-08-02.10:59:58	60	144	3
29	4	2010-08-02.11:00:03	55	152	3
8	2	2010-08-02.11:00:07	51	148	3
11	2	2010-08-02.11:00:12	55	147	4
2	1	2010-08-02.11:00:16	50	147	4
2	1	2010-08-02.11:00:21	46	145	4
3	1	2010-08-02.11:00:25	43	145	4
3	1	2010-08-02.11:00:30	43	146	4
3	1	2010-08-02.11:00:34	39	146	4
3	1	2010-08-02.11:00:39	36	146	4
10	2	2010-08-02.11:00:44	33	148	3
6	1	2010-08-02.11:00:48	30	146	3
5	1	2010-08-02.11:00:53	28	144	3
6	1	2010-08-02.11:00:57	26	144	3
20	3	2010-08-02.11:01:02	24	158	3
13	2	2010-08-02.11:01:06	22	152	3
8	2	2010-08-02.11:01:11	20	147	3
6	1	2010-08-02.11:01:16	18	147	3
6	1	2010-08-02.11:01:20	17	147	3
6	1	2010-08-02.11:01:25	17	146	3
13	2	2010-08-02.11:01:29	15	146	3
5	1	2010-08-02.11:01:34	14	146	3
6	1	2010-08-02.11:01:38	13	146	3
8	1	2010-08-02.11:01:43	12	146	3
6	1	2010-08-02.11:01:48	11	144	3
6	1	2010-08-02.11:01:52	10	144	3
12	2	2010-08-02.11:01:57	9	146	4
9	2	2010-08-02.11:02:01	8	159	4
15	3	2010-08-02.11:02:06	8	150	4
2	1	2010-08-02.11:02:10	7	146	4
3	1	2010-08-02.11:02:15	7	146	4
3	1	2010-08-02.11:02:20	7	146	4
9	2	2010-08-02.11:02:24	6	148	3
6	1	2010-08-02.11:02:29	6	148	3
6	1	2010-08-02.11:02:33	5	146	3
5	1	2010-08-02.11:02:38	5	146	3
8	2	2010-08-02.11:02:42	4	146	3
5	1	2010-08-02.11:02:47	4	144	3
7	2	2010-08-02.11:02:52	4	144	3
7	1	2010-08-02.11:02:56	3	144	3
7	2	2010-08-02.11:03:01	11	158	4
30	4	2010-08-02.11:03:05	18	152	3
6	1	2010-08-02.11:03:10	18	146	4
8	2	2010-08-02.11:03:14	25	146	3
5	1	2010-08-02.11:13:04	0	151	1
7	2	2010-08-02.11:13:07	0	147	1
2	1	2010-08-02.11:13:11	0	145	1
3	1	2010-08-02.11:13:16	0	145	2
2	1	2010-08-02.11:13:20	0	145	1
2	1	2010-08-02.11:13:24	0	145	1
2	1	2010-08-02.11:13:28	0	145	1
2	1	2010-08-02.11:13:32	0	145	1
2	1	2010-08-02.11:13:36	0	145	1
2	1	2010-08-02.11:13:40	0	145	1
3	1	2010-08-02.11:13:44	0	145	1
2	1	2010-08-02.11:13:48	0	143	1
2	1	2010-08-02.11:13:52	0	143	1
2	1	2010-08-02.11:13:57	0	143	1
3	1	2010-08-02.11:14:01	0	143	1
24	3	2010-08-02.11:14:05	0	149	1
2	1	2010-08-02.11:14:09	0	145	2
2	1	2010-08-02.11:14:13	0	145	1
2	1	2010-08-02.11:14:17	0	145	1
2	1	2010-08-02.11:14:21	0	145	1
2	1	2010-08-02.11:14:25	0	145	1
3	1	2010-08-02.11:14:30	0	146	1
2	1	2010-08-02.11:14:34	0	146	1
3	1	2010-08-02.11:14:38	8	146	1
2	1	2010-08-02.11:14:42	7	146	1
3	1	2010-08-02.11:14:46	7	144	1
2	1	2010-08-02.11:14:50	7	144	1
2	1	2010-08-02.11:14:54	6	144	1
2	1	2010-08-02.11:14:58	6	143	1
12	2	2010-08-02.11:15:02	5	159	1
14	3	2010-08-02.11:15:06	5	151	1
3	1	2010-08-02.11:15:10	20	145	1
2	1	2010-08-02.11:15:14	20	145	1
2	1	2010-08-02.11:15:18	19	145	1
2	1	2010-08-02.11:15:22	17	145	1
2	1	2010-08-02.11:15:26	16	145	1
2	1	2010-08-02.11:15:30	14	145	1
3	1	2010-08-02.11:15:35	14	145	2
2	1	2010-08-02.11:15:39	21	145	1
2	1	2010-08-02.11:15:43	20	145	1
2	1	2010-08-02.11:15:48	18	143	2
2	1	2010-08-02.11:15:52	16	143	1
2	1	2010-08-02.11:15:56	15	143	1
2	1	2010-08-02.11:16:00	15	143	1
23	3	2010-08-02.11:16:04	14	151	1
3	1	2010-08-02.11:16:08	13	145	1
2	1	2010-08-02.11:16:12	12	145	1
2	1	2010-08-02.11:16:16	11	145	1
2	1	2010-08-02.11:16:20	10	145	1
2	1	2010-08-02.11:16:24	10	145	1
2	1	2010-08-02.11:16:28	9	145	1
2	1	2010-08-02.11:16:32	8	145	1
2	1	2010-08-02.11:16:36	8	145	1
2	1	2010-08-02.11:16:40	7	145	1
2	1	2010-08-02.11:16:44	7	145	1
2	1	2010-08-02.11:16:48	6	143	1
2	1	2010-08-02.11:16:53	6	143	1
3	1	2010-08-02.11:16:57	5	143	1
2	1	2010-08-02.11:17:01	5	143	1
23	3	2010-08-02.11:17:05	5	149	1
3	1	2010-08-02.11:17:09	5	145	1
2	1	2010-08-02.11:17:13	4	145	1
3	1	2010-08-02.11:17:17	4	145	1
2	1	2010-08-02.11:17:21	3	145	1
2	1	2010-08-02.11:17:25	3	145	1
2	1	2010-08-02.11:17:29	3	145	1
2	1	2010-08-02.11:17:33	3	145	1
2	1	2010-08-02.11:17:37	3	145	1
2	1	2010-08-02.11:17:41	2	145	1
2	1	2010-08-02.11:17:45	2	145	1
3	2	2010-08-02.11:17:49	2	143	1
2	1	2010-08-02.11:17:53	2	143	1
2	1	2010-08-02.11:17:57	10	143	1
6	2	2010-08-02.11:18:01	9	159	1
22	3	2010-08-02.11:18:06	8	151	1
3	1	2010-08-02.11:18:10	8	145	1
2	1	2010-08-02.11:18:14	8	145	1
2	1	2010-08-02.11:18:18	7	145	1
2	1	2010-08-02.11:18:22	6	145	1
2	1	2010-08-02.11:18:26	6	145	1
2	1	2010-08-02.11:18:30	6	145	1
2	1	2010-08-02.11:18:34	5	145	1
2	1	2010-08-02.11:18:38	5	145	1
2	1	2010-08-02.11:18:42	4	145	1
2	1	2010-08-02.11:18:46	4	143	1
2	1	2010-08-02.11:18:50	20	143	1
2	1	2010-08-02.11:18:54	20	143	1
3	1	2010-08-02.11:18:58	18	143	1
24	4	2010-08-02.11:19:02	17	151	1
3	1	2010-08-02.11:19:06	15	151	1
2	1	2010-08-02.11:19:10	14	145	1
2	1	2010-08-02.11:19:14	14	145	1
2	1	2010-08-02.11:19:19	13	145	1
2	1	2010-08-02.11:19:23	12	145	1
2	1	2010-08-02.11:19:27	11	145	1
2	1	2010-08-02.11:19:31	10	145	1
2	1	2010-08-02.11:19:35	10	145	1
2	1	2010-08-02.11:19:39	9	145	1
2	1	2010-08-02.11:19:43	24	145	1
2	1	2010-08-02.11:19:47	22	143	1
2	1	2010-08-02.11:19:51	21	143	1
2	1	2010-08-02.11:19:55	21	143	1
2	1	2010-08-02.11:19:59	27	143	1
21	3	2010-08-02.11:20:03	25	149	1
3	1	2010-08-02.11:20:07	23	147	1
2	1	2010-08-02.11:20:11	21	145	1
2	1	2010-08-02.11:20:15	19	145	1
2	1	2010-08-02.11:20:19	19	145	1
2	1	2010-08-02.11:20:23	18	145	1
2	1	2010-08-02.11:20:27	16	145	1
2	1	2010-08-02.11:20:31	15	145	1
2	1	2010-08-02.11:20:36	14	145	1
3	1	2010-08-02.11:20:40	14	145	1
2	1	2010-08-02.11:20:44	13	145	1
2	1	2010-08-02.11:20:48	12	143	1
3	1	2010-08-02.11:20:52	11	144	1
53	8	2010-08-02.11:20:56	50	148	1
3	1	2010-08-02.11:21:00	50	147	1
25	4	2010-08-02.11:21:04	46	155	1
3	1	2010-08-02.11:21:08	42	149	1
2	1	2010-08-02.11:21:12	39	149	1
3	1	2010-08-02.11:21:16	36	149	1
2	1	2010-08-02.11:21:20	33	149	1
2	1	2010-08-02.11:21:24	33	149	1
3	1	2010-08-02.11:21:28	30	149	1
2	1	2010-08-02.11:21:32	28	149	1
2	1	2010-08-02.11:21:37	25	149	1
2	1	2010-08-02.11:21:41	23	149	1
2	1	2010-08-02.11:21:45	23	149	1
3	1	2010-08-02.11:21:49	21	147	1
10	3	2010-08-02.11:21:53	20	147	1
9	3	2010-08-02.11:21:57	18	147	1
33	7	2010-08-02.11:22:01	25	162	1
19	3	2010-08-02.11:22:05	25	155	1
3	1	2010-08-02.11:22:09	23	149	1
2	1	2010-08-02.11:22:13	21	149	1
3	1	2010-08-02.11:22:17	19	149	1
2	1	2010-08-02.11:22:21	17	149	1
2	1	2010-08-02.11:22:25	16	150	1
2	1	2010-08-02.11:22:29	16	150	1
35	8	2010-08-02.11:22:33	15	151	1
67	16	2010-08-02.11:22:37	22	149	1
4	2	2010-08-02.11:22:41	20	149	1
2	1	2010-08-02.11:22:46	18	147	1
2	1	2010-08-02.11:22:50	18	147	1
2	1	2010-08-02.11:22:54	17	147	1
2	1	2010-08-02.11:22:58	15	147	1
11	2	2010-08-02.11:23:02	14	160	1
14	3	2010-08-02.11:23:06	13	153	1
4	2	2010-08-02.11:23:10	13	149	1
2	1	2010-08-02.11:23:14	12	149	1
2	1	2010-08-02.11:23:18	11	149	1
2	1	2010-08-02.11:23:22	10	149	1
2	1	2010-08-02.11:23:26	9	149	1
2	1	2010-08-02.11:23:30	8	149	1
2	1	2010-08-02.11:23:34	8	149	1
2	1	2010-08-02.11:23:38	8	149	1
2	1	2010-08-02.11:23:42	7	149	1
2	1	2010-08-02.11:23:46	6	147	1
2	1	2010-08-02.11:23:50	6	147	1
2	1	2010-08-02.11:23:54	6	147	1
3	1	2010-08-02.11:23:59	5	147	1
24	3	2010-08-02.11:24:03	5	155	1
3	1	2010-08-02.11:24:07	5	151	1
2	1	2010-08-02.11:24:11	4	149	1
2	1	2010-08-02.11:24:15	4	149	1
3	1	2010-08-02.11:24:19	4	149	1
2	1	2010-08-02.11:24:23	4	149	1
2	1	2010-08-02.11:24:27	3	149	1
2	1	2010-08-02.11:24:31	3	149	1
2	1	2010-08-02.11:24:35	3	149	1
2	1	2010-08-02.11:24:39	3	149	1
2	1	2010-08-02.11:24:43	2	149	1
2	1	2010-08-02.11:24:47	2	147	1
2	1	2010-08-02.11:24:51	2	147	1
2	1	2010-08-02.11:24:55	2	147	1
2	1	2010-08-02.11:24:59	2	147	1
23	4	2010-08-02.11:25:03	2	155	1
3	1	2010-08-02.11:25:07	2	149	1
2	1	2010-08-02.11:25:12	1	149	1
2	1	2010-08-02.11:25:16	1	149	1
2	1	2010-08-02.11:25:20	1	149	1
2	1	2010-08-02.11:25:24	1	149	1
2	1	2010-08-02.11:25:28	1	149	1
2	1	2010-08-02.11:25:32	1	149	1
2	1	2010-08-02.11:25:36	1	149	1
2	1	2010-08-02.11:25:40	1	149	1
2	1	2010-08-02.11:25:44	1	149	1
2	1	2010-08-02.11:25:48	1	148	1
2	1	2010-08-02.11:25:52	1	148	1
2	1	2010-08-02.11:25:56	0	148	1
3	1	2010-08-02.11:26:00	0	148	1
24	4	2010-08-02.11:26:04	0	154	1
3	1	2010-08-02.11:26:08	0	150	1
2	1	2010-08-02.11:26:12	0	150	1
2	1	2010-08-02.11:26:16	0	150	1
2	1	2010-08-02.11:26:20	0	150	1
2	1	2010-08-02.11:26:25	0	149	1
3	1	2010-08-02.11:26:29	0	150	1
2	1	2010-08-02.11:26:33	0	150	1
2	1	2010-08-02.11:26:37	0	150	1
2	1	2010-08-02.11:26:41	0	149	1
2	1	2010-08-02.11:26:45	0	149	1
2	1	2010-08-02.11:26:49	0	147	1
2	1	2010-08-02.11:26:53	0	147	1
2	1	2010-08-02.11:26:57	8	147	1
3	1	2010-08-02.11:27:01	7	148	1
23	4	2010-08-02.11:27:05	15	156	1
3	1	2010-08-02.11:27:09	15	150	1
2	1	2010-08-02.11:27:13	13	150	1
2	1	2010-08-02.11:27:17	12	150	1
3	1	2010-08-02.11:27:21	11	150	1
2	1	2010-08-02.11:27:25	10	150	1
3	1	2010-08-02.11:27:29	10	150	1
2	1	2010-08-02.11:27:34	10	149	1
2	1	2010-08-02.11:27:38	9	150	1
2	1	2010-08-02.11:27:42	8	151	1
2	1	2010-08-02.11:27:46	7	150	1
3	1	2010-08-02.11:27:50	7	148	1
2	1	2010-08-02.11:27:54	7	148	1
2	1	2010-08-02.11:27:58	6	148	1
23	3	2010-08-02.11:28:02	6	160	1
3	1	2010-08-02.11:28:06	13	156	1
3	1	2010-08-02.11:28:10	12	150	1
2	1	2010-08-02.11:28:14	12	150	1
2	1	2010-08-02.11:28:18	11	150	1
3	1	2010-08-02.11:28:22	10	150	1
2	1	2010-08-02.11:28:26	9	150	1
2	1	2010-08-02.11:28:30	9	150	1
2	1	2010-08-02.11:28:34	9	150	1
3	1	2010-08-02.11:28:38	8	150	1
3	1	2010-08-02.11:28:42	7	150	1
3	1	2010-08-02.11:28:47	7	148	1
2	1	2010-08-02.11:28:51	6	148	2
2	1	2010-08-02.11:28:55	6	148	1
2	1	2010-08-02.11:28:59	6	148	1
23	3	2010-08-02.11:29:03	5	154	1
2	1	2010-08-02.11:29:07	5	152	1
2	1	2010-08-02.11:29:11	4	150	1
2	1	2010-08-02.11:29:15	12	150	1
2	1	2010-08-02.11:29:20	12	150	1
3	1	2010-08-02.11:29:24	19	149	1
2	1	2010-08-02.11:29:28	17	149	1
2	1	2010-08-02.11:29:32	16	149	1
8	2	2010-08-02.11:29:36	15	150	1
31	3	2010-08-02.11:29:40	15	150	1
36	5	2010-08-02.11:29:44	21	149	1
15	8	2010-08-02.11:29:48	20	147	1
15	8	2010-08-02.11:29:52	18	147	1
11	6	2010-08-02.11:29:56	17	147	1
2	1	2010-08-02.11:30:00	23	147	1
27	4	2010-08-02.11:30:04	23	158	1
3	1	2010-08-02.11:30:09	21	149	1
2	1	2010-08-02.11:30:13	20	149	1
2	1	2010-08-02.11:30:17	18	149	1
2	1	2010-08-02.11:30:21	17	149	1
2	1	2010-08-02.11:30:25	17	149	1
2	1	2010-08-02.11:30:29	15	149	1
2	1	2010-08-02.11:30:33	14	149	1
2	1	2010-08-02.11:30:37	13	149	1
3	1	2010-08-02.11:30:41	12	149	1
2	1	2010-08-02.11:30:45	19	150	1
2	1	2010-08-02.11:30:49	19	148	1
2	1	2010-08-02.11:30:53	17	148	1
2	1	2010-08-02.11:30:57	16	148	1
14	3	2010-08-02.11:31:01	15	164	1
14	2	2010-08-02.11:31:05	13	156	1
3	1	2010-08-02.11:31:09	13	150	1
3	1	2010-08-02.11:31:13	12	150	1
3	1	2010-08-02.11:31:18	11	150	1
2	1	2010-08-02.11:31:22	10	150	1
2	1	2010-08-02.11:31:26	10	150	1
3	1	2010-08-02.11:31:30	10	150	1
3	1	2010-08-02.11:31:34	17	150	1
3	1	2010-08-02.11:31:38	15	150	1
2	1	2010-08-02.11:31:42	14	150	1
3	1	2010-08-02.11:31:46	13	147	1
2	1	2010-08-02.11:31:50	20	147	1
2	1	2010-08-02.11:31:54	20	147	1
2	1	2010-08-02.11:31:58	18	147	1
18	3	2010-08-02.11:32:02	17	159	1
8	2	2010-08-02.11:32:06	15	153	1
3	1	2010-08-02.11:32:10	14	149	1
2	1	2010-08-02.11:32:14	14	149	1
2	1	2010-08-02.11:32:18	13	149	2
3	1	2010-08-02.11:32:23	12	149	1
2	1	2010-08-02.11:32:27	19	149	1
2	1	2010-08-02.11:32:31	17	149	1
2	1	2010-08-02.11:32:35	16	149	1
2	1	2010-08-02.11:32:39	16	149	1
2	1	2010-08-02.11:32:43	15	150	1
2	1	2010-08-02.11:32:47	13	148	1
2	1	2010-08-02.11:32:51	12	148	1
2	1	2010-08-02.11:32:55	11	148	1
2	1	2010-08-02.11:32:59	11	148	1
28	4	2010-08-02.11:33:04	10	156	1
2	1	2010-08-02.11:33:08	10	150	1
3	1	2010-08-02.11:33:12	9	150	1
2	1	2010-08-02.11:33:16	8	150	1
2	1	2010-08-02.11:33:20	7	150	1
2	1	2010-08-02.11:33:24	7	150	1
2	1	2010-08-02.11:33:28	7	150	1
3	1	2010-08-02.11:33:32	6	150	1
2	1	2010-08-02.11:33:36	6	150	1
2	1	2010-08-02.11:33:40	13	150	1
2	1	2010-08-02.11:33:44	13	150	1
2	1	2010-08-02.11:33:48	12	148	1
2	1	2010-08-02.11:33:52	11	148	1
2	1	2010-08-02.11:33:56	10	148	1
3	1	2010-08-02.11:34:00	9	148	1
26	4	2010-08-02.11:34:04	9	157	1
3	1	2010-08-02.11:34:08	9	150	1
3	1	2010-08-02.11:34:13	8	150	1
2	1	2010-08-02.11:34:17	7	150	1
2	1	2010-08-02.11:34:21	7	150	1
2	1	2010-08-02.11:34:25	14	150	1
2	1	2010-08-02.11:34:29	14	150	1
3	1	2010-08-02.11:34:33	13	150	1
2	1	2010-08-02.11:34:37	12	150	1
2	1	2010-08-02.11:34:41	11	150	1
2	1	2010-08-02.11:34:45	10	150	1
2	1	2010-08-02.11:34:49	10	148	1
3	1	2010-08-02.11:34:53	9	148	1
2	1	2010-08-02.11:34:57	8	148	1
3	1	2010-08-02.11:35:01	8	161	1
22	3	2010-08-02.11:35:05	7	154	1
2	1	2010-08-02.11:35:09	7	150	1
2	1	2010-08-02.11:35:13	6	150	1
2	1	2010-08-02.11:35:17	6	150	1
2	1	2010-08-02.11:35:21	5	150	1
2	1	2010-08-02.11:35:26	5	150	1
3	1	2010-08-02.11:35:30	5	150	1
2	1	2010-08-02.11:35:34	5	150	1
2	1	2010-08-02.11:35:38	4	150	1
3	1	2010-08-02.11:35:42	4	150	1
2	1	2010-08-02.11:35:46	4	148	1
2	1	2010-08-02.11:35:50	19	148	1
2	1	2010-08-02.11:35:54	19	148	1
2	1	2010-08-02.11:35:58	18	148	1
24	4	2010-08-02.11:36:02	16	156	1
2	1	2010-08-02.11:36:06	15	156	1
2	1	2010-08-02.11:36:10	14	150	1
2	1	2010-08-02.11:36:14	14	150	1
2	1	2010-08-02.11:36:18	13	150	1
2	1	2010-08-02.11:36:22	12	150	1
2	1	2010-08-02.11:36:26	11	150	1
3	1	2010-08-02.11:36:30	10	150	1
2	1	2010-08-02.11:36:34	10	150	1
2	1	2010-08-02.11:36:39	9	150	1
2	1	2010-08-02.11:36:43	8	150	1
2	1	2010-08-02.11:36:47	8	148	1
2	1	2010-08-02.11:36:51	7	148	1
2	1	2010-08-02.11:36:55	6	148	1
2	1	2010-08-02.11:36:59	6	148	1
26	4	2010-08-02.11:37:03	6	156	1
2	1	2010-08-02.11:37:07	5	154	1
2	1	2010-08-02.11:37:11	5	150	1
2	1	2010-08-02.11:37:15	4	150	1
2	1	2010-08-02.11:37:19	4	150	1
3	1	2010-08-02.11:37:23	4	150	1
2	1	2010-08-02.11:37:27	4	150	1
2	1	2010-08-02.11:37:31	3	150	1
2	1	2010-08-02.11:37:35	3	150	1
2	1	2010-08-02.11:37:39	3	150	1
2	1	2010-08-02.11:37:43	3	150	1
2	1	2010-08-02.11:37:47	3	148	1
2	1	2010-08-02.11:37:51	2	148	1
2	1	2010-08-02.11:37:56	2	148	1
2	1	2010-08-02.11:38:00	2	148	1
23	3	2010-08-02.11:38:04	2	154	1
2	1	2010-08-02.11:38:08	2	150	1
3	1	2010-08-02.11:38:12	2	150	1
2	1	2010-08-02.11:38:16	1	150	1
2	1	2010-08-02.11:38:20	1	150	1
2	1	2010-08-02.11:38:24	1	150	1
2	1	2010-08-02.11:38:28	1	150	1
2	1	2010-08-02.11:38:32	1	150	1
2	1	2010-08-02.11:38:36	1	150	1
2	1	2010-08-02.11:38:40	1	150	1
2	1	2010-08-02.11:38:44	1	150	1
2	1	2010-08-02.11:38:48	1	148	1
2	1	2010-08-02.11:38:52	1	148	1
2	1	2010-08-02.11:38:56	1	148	1
2	1	2010-08-02.11:39:00	0	148	1
25	4	2010-08-02.11:39:04	0	156	1
3	1	2010-08-02.11:39:09	0	150	1
2	1	2010-08-02.11:39:13	0	150	1
2	1	2010-08-02.11:39:17	0	150	1
2	1	2010-08-02.11:39:21	0	150	1
2	1	2010-08-02.11:39:25	0	150	1
6	2	2010-08-02.11:39:29	0	151	3
5	1	2010-08-02.11:39:34	0	150	3
6	1	2010-08-02.11:39:38	0	150	3
6	1	2010-08-02.11:39:43	0	150	3
6	1	2010-08-02.11:39:48	0	148	3
7	2	2010-08-02.11:39:52	0	148	3
6	1	2010-08-02.11:39:57	0	148	3
18	3	2010-08-02.11:40:01	0	164	3
18	3	2010-08-02.11:40:06	0	156	3
6	1	2010-08-02.11:40:10	0	150	3
6	1	2010-08-02.11:40:15	0	150	3
6	1	2010-08-02.11:40:20	0	150	3
11	2	2010-08-02.11:40:24	0	152	6
3	1	2010-08-02.11:40:29	0	151	4
3	1	2010-08-02.11:40:33	0	150	4
3	1	2010-08-02.11:40:38	8	150	4
3	1	2010-08-02.11:40:42	7	150	4
3	1	2010-08-02.11:40:47	15	148	4
2	1	2010-08-02.11:40:51	13	148	4
2	1	2010-08-02.11:40:56	12	148	4
3	1	2010-08-02.11:41:01	11	148	4
22	3	2010-08-02.11:41:05	10	154	4
3	1	2010-08-02.11:41:10	10	150	4
3	1	2010-08-02.11:41:14	10	150	4
2	1	2010-08-02.11:41:19	9	150	4
3	1	2010-08-02.11:41:23	8	150	4
2	1	2010-08-02.11:41:28	7	150	4
3	1	2010-08-02.11:41:33	7	150	4
3	1	2010-08-02.11:41:37	6	150	5
3	1	2010-08-02.11:41:42	6	150	4
2	1	2010-08-02.11:41:46	5	148	4
3	1	2010-08-02.11:41:51	5	148	4
2	1	2010-08-02.11:41:55	4	148	4
3	1	2010-08-02.11:42:00	4	148	4
24	4	2010-08-02.11:42:05	4	156	4
3	1	2010-08-02.11:42:09	4	150	4
3	1	2010-08-02.11:42:14	3	150	5
3	1	2010-08-02.11:42:18	3	150	4
3	1	2010-08-02.11:42:23	3	150	4
2	1	2010-08-02.11:42:27	2	150	4
2	1	2010-08-02.11:42:32	2	149	4
3	1	2010-08-02.11:42:37	2	150	4
2	1	2010-08-02.11:42:41	2	150	4
3	1	2010-08-02.11:42:46	2	150	4
3	1	2010-08-02.11:42:50	2	147	4
3	1	2010-08-02.11:42:55	1	147	4
2	1	2010-08-02.11:42:59	1	147	4
24	4	2010-08-02.11:43:04	1	155	4
3	1	2010-08-02.11:43:08	1	149	4
5	1	2010-08-02.11:44:03	4	153	1
6	1	2010-08-02.11:44:07	3	151	1
8	1	2010-08-02.11:44:11	3	150	2
12	2	2010-08-02.11:44:15	3	150	3
17	2	2010-08-02.11:44:20	3	149	3
9	1	2010-08-02.11:44:24	3	149	3
13	2	2010-08-02.11:44:29	2	149	3
9	1	2010-08-02.11:44:34	2	149	3
11	1	2010-08-02.11:44:38	2	149	3
10	2	2010-08-02.11:44:43	2	149	3
11	2	2010-08-02.11:44:47	2	147	3
12	2	2010-08-02.11:44:52	1	147	3
11	2	2010-08-02.11:44:56	9	147	4
12	2	2010-08-02.11:45:01	8	147	3
33	4	2010-08-02.11:45:06	8	155	4
14	2	2010-08-02.11:45:10	7	149	3
12	2	2010-08-02.11:45:15	7	149	4
10	2	2010-08-02.11:45:20	7	149	4
12	2	2010-08-02.11:45:24	6	149	3
11	2	2010-08-02.11:45:29	6	149	3
10	1	2010-08-02.11:45:33	5	148	3
11	2	2010-08-02.11:45:38	13	149	3
11	2	2010-08-02.11:45:42	12	149	1
17	2	2010-08-02.11:45:47	11	149	1
10	2	2010-08-02.11:45:51	10	150	2
14	2	2010-08-02.11:45:55	17	148	3
16	2	2010-08-02.11:46:00	16	147	3
30	4	2010-08-02.11:46:04	16	155	3
12	2	2010-08-02.11:46:09	14	149	3
9	1	2010-08-02.11:46:14	21	149	3
13	2	2010-08-02.11:46:18	19	149	3
10	2	2010-08-02.11:46:23	18	149	3
13	2	2010-08-02.11:46:27	24	149	3
9	1	2010-08-02.11:46:32	22	149	3
12	2	2010-08-02.11:46:36	21	149	3
9	1	2010-08-02.11:46:41	19	149	3
12	2	2010-08-02.11:46:46	17	149	3
10	2	2010-08-02.11:46:50	16	147	4
13	2	2010-08-02.11:46:55	15	147	4
11	2	2010-08-02.11:46:59	15	147	4
30	4	2010-08-02.11:47:04	13	153	3
11	2	2010-08-02.11:47:08	20	149	3
14	2	2010-08-02.11:47:13	19	149	3
9	1	2010-08-02.11:47:18	17	149	3
9	1	2010-08-02.11:47:22	16	149	3
11	2	2010-08-02.11:47:27	14	149	3
11	1	2010-08-02.11:47:31	13	149	3
14	2	2010-08-02.11:47:36	12	149	3
12	2	2010-08-02.11:47:41	11	149	3
10	2	2010-08-02.11:47:45	10	149	3
11	2	2010-08-02.11:47:50	9	147	3
9	1	2010-08-02.11:47:54	9	147	3
11	2	2010-08-02.11:47:59	9	147	3
32	4	2010-08-02.11:48:04	8	155	3
13	2	2010-08-02.11:48:08	7	149	3
11	2	2010-08-02.11:48:13	7	149	3
10	1	2010-08-02.11:48:17	6	149	3
8	1	2010-08-02.11:48:22	6	149	3
10	2	2010-08-02.11:48:26	13	149	3
11	2	2010-08-02.11:48:31	12	149	3
14	2	2010-08-02.11:48:36	11	150	3
9	2	2010-08-02.11:48:40	18	150	3
14	2	2010-08-02.11:48:45	17	149	3
13	2	2010-08-02.11:48:49	17	147	3
10	1	2010-08-02.11:48:54	23	147	3
9	2	2010-08-02.11:48:58	21	147	3
30	4	2010-08-02.11:49:03	20	155	3
12	2	2010-08-02.11:49:08	26	149	3
9	1	2010-08-02.11:49:12	24	149	3
10	2	2010-08-02.11:49:17	30	149	3
10	2	2010-08-02.11:49:21	28	149	1
17	2	2010-08-02.11:49:25	25	151	1
5	1	2010-08-02.11:49:29	25	151	1
7	2	2010-08-02.11:49:34	23	149	1
5	1	2010-08-02.11:49:38	21	149	1
9	1	2010-08-02.11:49:42	52	149	1
6	1	2010-08-02.11:49:46	47	147	2
6	1	2010-08-02.11:49:51	44	147	2
7	1	2010-08-02.11:49:55	40	147	1
6	1	2010-08-02.11:49:59	40	147	1
26	4	2010-08-02.11:50:03	37	153	1
7	2	2010-08-02.11:50:07	34	151	1
6	1	2010-08-02.11:50:11	31	149	1
7	2	2010-08-02.11:50:15	29	149	1
6	1	2010-08-02.11:50:19	29	150	1
7	2	2010-08-02.11:50:23	26	149	1
6	1	2010-08-02.11:50:27	24	149	1
6	1	2010-08-02.11:50:31	22	149	1
6	1	2010-08-02.11:50:36	28	149	1
6	1	2010-08-02.11:50:40	28	149	1
6	1	2010-08-02.11:50:44	26	149	1
7	2	2010-08-02.11:50:48	24	147	1
6	1	2010-08-02.11:50:52	22	147	1
6	1	2010-08-02.11:50:56	20	147	1
6	1	2010-08-02.11:51:00	27	147	1
27	4	2010-08-02.11:51:04	27	155	1
6	1	2010-08-02.11:51:08	25	149	1
6	1	2010-08-02.11:51:12	22	149	1
6	1	2010-08-02.11:51:16	21	149	1
6	1	2010-08-02.11:51:20	19	149	1
6	1	2010-08-02.11:51:24	19	149	1
6	1	2010-08-02.11:51:28	17	149	1
5	1	2010-08-02.11:51:32	16	149	1
7	2	2010-08-02.11:51:36	15	149	1
6	1	2010-08-02.11:51:40	54	149	1
6	1	2010-08-02.11:51:45	54	149	1
6	1	2010-08-02.11:51:49	49	147	1
6	1	2010-08-02.11:51:53	45	147	1
6	1	2010-08-02.11:51:57	42	147	1
5	1	2010-08-02.11:52:01	38	147	1
29	4	2010-08-02.11:52:05	35	155	1
7	2	2010-08-02.11:52:09	35	149	1
6	1	2010-08-02.11:52:13	32	149	1
7	2	2010-08-02.11:52:17	30	149	1
6	1	2010-08-02.11:52:21	27	149	1
6	1	2010-08-02.11:52:25	25	149	1
6	1	2010-08-02.11:52:29	25	149	1
6	1	2010-08-02.11:52:33	23	149	1
6	1	2010-08-02.11:52:37	21	149	1
5	1	2010-08-02.11:52:41	52	149	1
6	1	2010-08-02.11:52:45	79	149	1
6	1	2010-08-02.11:52:49	79	147	1
6	1	2010-08-02.11:52:54	73	147	1
6	1	2010-08-02.11:52:58	67	147	1
25	3	2010-08-02.11:53:02	62	157	1
8	1	2010-08-02.11:53:06	57	153	1
6	1	2010-08-02.11:53:10	52	149	1
6	1	2010-08-02.11:53:14	52	149	1
7	1	2010-08-02.11:53:18	48	150	1
6	1	2010-08-02.11:53:22	44	150	1
6	1	2010-08-02.11:53:26	41	150	1
6	1	2010-08-02.11:53:30	37	150	1
6	1	2010-08-02.11:53:34	37	150	1
5	1	2010-08-02.11:53:38	34	150	1
6	1	2010-08-02.11:53:42	31	150	1
6	1	2010-08-02.11:53:46	29	147	1
6	1	2010-08-02.11:53:50	43	147	1
6	1	2010-08-02.11:53:54	43	148	1
6	1	2010-08-02.11:53:58	39	148	1
27	3	2010-08-02.11:54:03	36	156	1
8	2	2010-08-02.11:54:07	33	156	1
6	1	2010-08-02.11:54:11	30	150	1
6	1	2010-08-02.11:54:15	28	150	1
7	1	2010-08-02.11:54:19	28	150	1
6	1	2010-08-02.11:54:23	26	150	2
10	2	2010-08-02.11:54:28	24	150	1
9	2	2010-08-02.11:54:32	22	151	3
2	1	2010-08-02.11:54:36	20	150	4
4	1	2010-08-02.11:54:41	18	150	3
2	1	2010-08-02.11:54:46	17	150	4
4	1	2010-08-02.11:54:50	15	147	3
3	1	2010-08-02.11:54:55	14	147	3
3	1	2010-08-02.11:54:59	14	147	3
23	3	2010-08-02.11:55:04	13	155	3
3	1	2010-08-02.11:55:08	12	149	4
4	1	2010-08-02.11:55:13	11	149	3
2	1	2010-08-02.11:55:18	10	149	3
3	1	2010-08-02.11:55:22	9	149	4
3	1	2010-08-02.11:55:27	8	149	3
3	1	2010-08-02.11:55:31	8	149	4
3	1	2010-08-02.11:55:36	7	149	3
3	1	2010-08-02.11:55:40	7	149	4
3	1	2010-08-02.11:55:45	14	149	3
3	1	2010-08-02.11:55:49	14	147	4
2	1	2010-08-02.11:55:54	13	147	4
3	1	2010-08-02.11:55:59	20	147	3
21	3	2010-08-02.11:56:03	18	153	3
3	1	2010-08-02.11:56:08	17	149	3
2	1	2010-08-02.11:56:12	15	149	3
2	1	2010-08-02.11:56:17	14	149	3
2	1	2010-08-02.11:56:21	13	149	3
3	1	2010-08-02.11:56:26	12	150	3
2	1	2010-08-02.11:56:31	11	150	3
2	1	2010-08-02.11:56:35	18	149	3
3	1	2010-08-02.11:56:40	17	150	3
2	1	2010-08-02.11:56:44	17	150	3
3	1	2010-08-02.11:56:49	15	148	3
2	1	2010-08-02.11:56:53	14	148	3
2	1	2010-08-02.11:56:58	13	148	3
23	3	2010-08-02.11:57:02	20	156	3
3	1	2010-08-02.11:57:07	18	153	3
3	1	2010-08-02.11:57:12	17	149	3
3	1	2010-08-02.11:57:16	15	150	3
3	1	2010-08-02.11:57:21	14	150	3
3	1	2010-08-02.11:57:25	13	150	3
3	1	2010-08-02.11:57:30	12	150	3
2	1	2010-08-02.11:57:35	12	150	3
2	1	2010-08-02.11:57:39	11	149	3
2	1	2010-08-02.11:57:44	10	149	3
3	1	2010-08-02.11:57:48	9	147	3
2	1	2010-08-02.11:57:53	8	147	3
2	1	2010-08-02.11:57:57	8	147	3
20	3	2010-08-02.11:58:02	7	159	3
4	1	2010-08-02.11:58:06	6	155	3
3	1	2010-08-02.11:58:11	6	149	3
2	1	2010-08-02.11:58:16	13	149	3
3	1	2010-08-02.11:58:20	12	149	3
2	1	2010-08-02.11:58:25	11	149	3
2	1	2010-08-02.11:58:29	11	149	3
2	1	2010-08-02.11:58:34	10	149	3
2	1	2010-08-02.11:58:38	10	149	3
3	1	2010-08-02.11:58:43	9	149	3
2	1	2010-08-02.11:58:48	8	147	3
2	1	2010-08-02.11:58:52	7	147	3
3	1	2010-08-02.11:58:57	7	148	3
3	1	2010-08-02.11:59:01	6	160	3
21	3	2010-08-02.11:59:06	6	154	3
3	1	2010-08-02.11:59:10	5	150	3
2	1	2010-08-02.11:59:15	5	150	3
3	1	2010-08-02.11:59:20	5	150	3
2	1	2010-08-02.11:59:24	4	150	3
3	1	2010-08-02.11:59:29	4	150	3
3	1	2010-08-02.11:59:33	4	150	3
2	1	2010-08-02.11:59:38	3	150	3
2	1	2010-08-02.11:59:42	3	150	3
2	1	2010-08-02.11:59:47	3	148	3
3	1	2010-08-02.11:59:52	2	149	3
3	1	2010-08-02.11:59:56	2	148	3
5	1	2010-08-02.12:00:01	10	148	3
26	4	2010-08-02.12:00:05	9	156	3
3	1	2010-08-02.12:00:10	8	150	3
3	1	2010-08-02.12:00:14	8	150	3
2	1	2010-08-02.12:00:19	8	150	3
2	1	2010-08-02.12:00:23	23	150	3
5	1	2010-08-02.12:00:28	21	150	3
2	1	2010-08-02.12:00:33	20	150	3
2	1	2010-08-02.12:00:37	18	150	3
3	1	2010-08-02.12:00:42	16	150	3
9	1	2010-08-02.12:00:46	15	148	3
40	3	2010-08-02.12:00:51	14	148	3
2	1	2010-08-02.12:00:55	13	148	3
3	1	2010-08-02.12:01:00	12	148	3
22	3	2010-08-02.12:01:05	12	156	3
5	1	2010-08-02.12:01:09	19	150	3
5	1	2010-08-02.12:01:14	17	150	3
2	1	2010-08-02.12:01:18	16	150	3
2	1	2010-08-02.12:01:23	15	150	3
2	1	2010-08-02.12:01:27	13	150	3
2	1	2010-08-02.12:01:32	12	150	3
5	1	2010-08-02.12:01:37	11	150	3
3	1	2010-08-02.12:01:41	10	150	3
8	1	2010-08-02.12:01:46	18	150	3
2	1	2010-08-02.12:01:50	16	148	3
5	1	2010-08-02.12:01:55	15	148	3
6	1	2010-08-02.12:01:59	15	148	3
24	3	2010-08-02.12:02:04	14	154	3
3	1	2010-08-02.12:02:08	12	150	3
3	1	2010-08-02.12:02:13	11	150	3
2	1	2010-08-02.12:02:18	10	150	3
3	1	2010-08-02.12:02:22	10	150	3
4	1	2010-08-02.12:02:27	9	150	3
3	1	2010-08-02.12:02:31	8	150	3
2	1	2010-08-02.12:02:36	7	150	3
2	1	2010-08-02.12:02:40	7	150	3
2	1	2010-08-02.12:02:45	6	150	3
2	1	2010-08-02.12:02:50	6	148	3
2	1	2010-08-02.12:02:54	6	148	3
2	1	2010-08-02.12:02:59	5	148	3
20	3	2010-08-02.12:03:03	5	156	3
5	1	2010-08-02.12:03:08	12	150	3
7	1	2010-08-02.12:03:12	11	152	1
2	1	2010-08-02.12:03:16	10	153	1
3	2	2010-08-02.12:03:20	10	151	1
2	1	2010-08-02.12:03:24	10	151	1
2	1	2010-08-02.12:03:28	9	151	1
2	1	2010-08-02.12:03:33	8	151	1
2	1	2010-08-02.12:03:37	7	151	1
2	1	2010-08-02.12:03:41	7	151	1
2	1	2010-08-02.12:03:45	6	151	1
4	1	2010-08-02.12:03:49	6	149	1
4	1	2010-08-02.12:03:53	6	149	1
18	2	2010-08-02.12:03:57	5	150	3
32	4	2010-08-02.12:04:02	13	163	3
14	2	2010-08-02.12:04:06	12	157	3
7	2	2010-08-02.12:04:11	11	151	3
16	2	2010-08-02.12:04:15	10	153	1
3	1	2010-08-02.12:04:19	10	153	1
25	2	2010-08-02.12:04:24	17	152	3
5	1	2010-08-02.12:04:28	16	151	3
6	1	2010-08-02.12:04:33	14	151	3
8	1	2010-08-02.12:04:37	13	151	3
9	2	2010-08-02.12:04:42	12	151	3
6	1	2010-08-02.12:04:47	11	149	3
6	1	2010-08-02.12:04:51	10	149	3
7	1	2010-08-02.12:04:56	9	149	3
6	1	2010-08-02.12:05:00	17	149	3
25	4	2010-08-02.12:05:05	15	155	3
7	1	2010-08-02.12:05:09	15	151	3
5	1	2010-08-02.12:05:14	14	151	3
6	1	2010-08-02.12:05:18	13	151	3
5	1	2010-08-02.12:05:23	12	151	3
6	1	2010-08-02.12:05:28	11	151	3
6	1	2010-08-02.12:05:32	10	151	3
6	1	2010-08-02.12:05:37	9	151	3
7	1	2010-08-02.12:05:41	24	151	3
6	1	2010-08-02.12:05:46	22	149	3
7	1	2010-08-02.12:05:50	21	149	3
6	1	2010-08-02.12:05:55	27	149	3
6	1	2010-08-02.12:06:00	25	149	3
25	4	2010-08-02.12:06:04	25	156	3
7	2	2010-08-02.12:06:09	23	151	3
8	2	2010-08-02.12:06:13	29	151	3
6	1	2010-08-02.12:06:18	27	151	3
8	2	2010-08-02.12:06:22	24	151	3
5	1	2010-08-02.12:06:27	22	151	3
7	1	2010-08-02.12:06:32	21	151	3
5	1	2010-08-02.12:06:36	19	151	3
7	1	2010-08-02.12:06:41	17	151	3
6	1	2010-08-02.12:06:45	16	151	3
11	2	2010-08-02.12:06:50	15	150	4
2	1	2010-08-02.12:06:54	15	149	4
3	1	2010-08-02.12:06:59	13	149	4
24	4	2010-08-02.12:07:04	12	156	4
3	1	2010-08-02.12:07:08	11	150	4
3	1	2010-08-02.12:07:13	10	150	4
3	1	2010-08-02.12:07:17	10	151	4
3	1	2010-08-02.12:07:22	9	151	4
3	1	2010-08-02.12:07:26	8	151	4
3	1	2010-08-02.12:07:31	7	151	3
2	1	2010-08-02.12:07:35	7	151	3
5	1	2010-08-02.12:07:40	14	152	4
6	1	2010-08-02.12:07:45	13	152	4
12	2	2010-08-02.12:07:49	13	151	4
3	1	2010-08-02.12:07:54	12	150	4
3	1	2010-08-02.12:07:58	11	148	4
21	3	2010-08-02.12:08:03	10	154	4
3	1	2010-08-02.12:08:07	9	152	4
3	1	2010-08-02.12:08:12	8	150	4
3	1	2010-08-02.12:08:17	8	150	4
3	1	2010-08-02.12:08:21	7	150	4
3	1	2010-08-02.12:08:26	7	150	4
6	1	2010-08-02.12:08:30	6	151	5
3	1	2010-08-02.12:08:35	6	151	5
7	1	2010-08-02.12:08:39	6	150	4
5	1	2010-08-02.12:08:44	5	150	4
8	2	2010-08-02.12:08:49	5	148	4
3	1	2010-08-02.12:08:53	4	148	4
3	1	2010-08-02.12:08:58	4	149	4
24	4	2010-08-02.12:09:02	4	157	4
3	1	2010-08-02.12:09:07	3	155	4
5	1	2010-08-02.12:09:11	3	151	4
3	1	2010-08-02.12:09:16	3	151	4
3	1	2010-08-02.12:09:20	2	151	4
3	1	2010-08-02.12:09:25	2	151	4
2	1	2010-08-02.12:09:30	10	151	4
3	1	2010-08-02.12:09:34	10	151	4
2	1	2010-08-02.12:09:39	9	151	4
3	1	2010-08-02.12:09:43	8	151	4
2	1	2010-08-02.12:09:48	8	149	4
3	1	2010-08-02.12:09:52	7	149	4
3	1	2010-08-02.12:09:57	6	149	4
21	3	2010-08-02.12:10:02	6	163	4
5	2	2010-08-02.12:10:06	5	157	4
3	1	2010-08-02.12:10:11	5	151	4
3	1	2010-08-02.12:10:15	5	151	4
2	1	2010-08-02.12:10:20	4	151	4
3	1	2010-08-02.12:10:24	4	151	4
2	1	2010-08-02.12:10:29	4	151	4
3	1	2010-08-02.12:10:34	4	151	4
3	1	2010-08-02.12:10:38	3	151	4
3	1	2010-08-02.12:10:43	3	151	4
6	3	2010-08-02.12:10:47	19	149	4
17	9	2010-08-02.12:10:52	25	148	4
18	9	2010-08-02.12:10:56	31	148	4
19	10	2010-08-02.12:11:01	29	148	4
44	14	2010-08-02.12:11:06	26	154	4
18	9	2010-08-02.12:11:10	24	150	4
11	5	2010-08-02.12:11:15	22	150	4
10	4	2010-08-02.12:11:19	22	150	4
4	2	2010-08-02.12:11:24	20	150	4
4	2	2010-08-02.12:11:28	19	150	4
3	1	2010-08-02.12:11:33	17	150	4
3	1	2010-08-02.12:11:38	16	150	4
4	1	2010-08-02.12:11:42	15	150	4
2	1	2010-08-02.12:11:47	13	148	5
5	2	2010-08-02.12:11:51	12	149	4
3	1	2010-08-02.12:11:56	11	149	4
2	1	2010-08-02.12:12:00	10	149	4
24	4	2010-08-02.12:12:05	10	157	4
3	1	2010-08-02.12:12:09	10	151	4
3	1	2010-08-02.12:12:14	9	151	4
3	1	2010-08-02.12:12:19	8	151	4
3	1	2010-08-02.12:12:23	7	151	4
2	1	2010-08-02.12:12:28	7	151	4
3	1	2010-08-02.12:12:32	6	151	4
3	1	2010-08-02.12:12:37	6	150	4
4	2	2010-08-02.12:12:41	5	150	4
3	1	2010-08-02.12:12:46	5	148	4
2	1	2010-08-02.12:12:51	4	148	5
3	1	2010-08-02.12:12:55	4	148	5
2	1	2010-08-02.12:13:00	4	148	4
24	4	2010-08-02.12:13:04	4	156	4
3	1	2010-08-02.12:13:09	3	151	4
3	1	2010-08-02.12:13:13	3	151	4
8	1	2010-08-02.12:13:18	3	152	3
10	2	2010-08-02.12:13:23	2	152	3
6	1	2010-08-02.12:13:27	2	150	4
6	1	2010-08-02.12:13:32	2	150	4
6	1	2010-08-02.12:13:36	2	150	4
12	2	2010-08-02.12:13:41	10	153	4
3	1	2010-08-02.12:13:45	9	150	5
3	1	2010-08-02.12:13:50	8	149	4
3	1	2010-08-02.12:13:55	7	148	5
2	1	2010-08-02.12:13:59	7	148	4
23	4	2010-08-02.12:14:04	7	154	5
3	1	2010-08-02.12:14:08	6	150	4
3	1	2010-08-02.12:14:13	6	150	5
3	1	2010-08-02.12:14:17	5	151	4
3	1	2010-08-02.12:14:22	5	151	5
3	1	2010-08-02.12:14:27	4	151	4
3	1	2010-08-02.12:14:31	4	150	4
14	2	2010-08-02.12:14:36	28	152	4
21	2	2010-08-02.12:14:40	25	152	3
6	1	2010-08-02.12:14:45	23	153	4
26	2	2010-08-02.12:14:49	23	149	5
6	1	2010-08-02.12:14:54	21	148	3
12	2	2010-08-02.12:14:59	20	150	6
25	4	2010-08-02.12:15:03	18	157	6
3	1	2010-08-02.12:15:08	17	150	6
3	1	2010-08-02.12:15:12	15	150	6
9	2	2010-08-02.12:15:17	14	152	3
8	1	2010-08-02.12:15:21	13	152	3
12	2	2010-08-02.12:15:26	12	153	4
3	1	2010-08-02.12:15:31	11	152	4
2	1	2010-08-02.12:15:35	10	150	4
3	1	2010-08-02.12:15:40	17	151	4
10	2	2010-08-02.12:15:44	17	153	3
10	2	2010-08-02.12:15:49	80	150	3
6	1	2010-08-02.12:15:53	81	148	3
11	2	2010-08-02.12:15:58	83	148	3
28	4	2010-08-02.12:16:03	84	158	3
10	2	2010-08-02.12:16:07	101	150	3
6	1	2010-08-02.12:16:12	101	150	5
6	1	2010-08-02.12:16:16	125	150	5
6	1	2010-08-02.12:16:21	139	150	3
6	1	2010-08-02.12:16:25	152	150	4
11	2	2010-08-02.12:16:30	156	150	4
11	2	2010-08-02.12:16:35	143	152	6
2	1	2010-08-02.12:16:39	143	151	6
2	1	2010-08-02.12:16:44	132	150	6
2	1	2010-08-02.12:16:48	121	148	6
3	1	2010-08-02.12:16:53	111	148	4
3	1	2010-08-02.12:16:57	103	148	4
22	3	2010-08-02.12:17:02	94	154	4
3	1	2010-08-02.12:17:07	87	152	4
2	1	2010-08-02.12:17:11	80	150	4
3	1	2010-08-02.12:17:16	73	150	4
2	1	2010-08-02.12:17:20	67	150	4
3	1	2010-08-02.12:17:25	62	150	4
2	1	2010-08-02.12:17:29	62	150	6
3	1	2010-08-02.12:17:34	73	150	4
3	1	2010-08-02.12:17:39	67	150	4
3	1	2010-08-02.12:17:43	62	150	4
2	1	2010-08-02.12:17:48	57	148	4
2	1	2010-08-02.12:17:52	52	148	4
3	1	2010-08-02.12:17:57	48	148	4
6	2	2010-08-02.12:18:01	44	163	4
20	3	2010-08-02.12:18:06	41	156	4
2	1	2010-08-02.12:18:11	37	150	4
2	1	2010-08-02.12:18:15	34	150	4
3	1	2010-08-02.12:18:20	31	151	4
3	1	2010-08-02.12:18:24	31	151	4
3	1	2010-08-02.12:18:29	29	151	4
3	1	2010-08-02.12:18:33	27	151	4
3	1	2010-08-02.12:18:38	24	151	4
3	1	2010-08-02.12:18:42	22	151	4
3	1	2010-08-02.12:18:47	21	149	4
3	1	2010-08-02.12:18:52	19	149	3
2	1	2010-08-02.12:18:56	17	149	3
4	1	2010-08-02.12:19:01	16	149	3
28	4	2010-08-02.12:19:05	15	157	3
13	2	2010-08-02.12:19:10	13	150	3
14	2	2010-08-02.12:19:14	12	150	3
7	1	2010-08-02.12:19:19	12	150	3
6	1	2010-08-02.12:19:24	11	150	5
7	1	2010-08-02.12:19:28	10	150	5
6	1	2010-08-02.12:19:33	10	151	5
7	1	2010-08-02.12:19:37	9	151	3
7	1	2010-08-02.12:19:42	8	151	3
6	1	2010-08-02.12:19:46	7	149	3
8	1	2010-08-02.12:19:51	7	149	3
11	2	2010-08-02.12:19:56	6	150	4
2	1	2010-08-02.12:20:00	6	150	4
22	3	2010-08-02.12:20:05	5	154	4
3	1	2010-08-02.12:20:09	5	150	4
2	1	2010-08-02.12:20:14	13	150	4
3	1	2010-08-02.12:20:18	12	150	6
3	1	2010-08-02.12:20:23	11	150	4
3	1	2010-08-02.12:20:28	10	150	5
2	1	2010-08-02.12:20:32	9	150	5
5	1	2010-08-02.12:20:37	8	150	6
3	1	2010-08-02.12:20:41	8	150	4
3	1	2010-08-02.12:20:46	7	148	3
2	1	2010-08-02.12:20:50	6	148	3
3	1	2010-08-02.12:20:55	6	148	3
4	1	2010-08-02.12:20:59	13	148	3
27	3	2010-08-02.12:21:04	13	156	3
7	1	2010-08-02.12:21:09	12	150	3
5	1	2010-08-02.12:21:13	11	150	3
10	1	2010-08-02.12:21:18	10	151	4
7	2	2010-08-02.12:21:22	9	151	4
3	1	2010-08-02.12:21:27	9	150	4
3	1	2010-08-02.12:21:31	8	150	4
2	1	2010-08-02.12:21:36	7	150	4
3	1	2010-08-02.12:21:41	15	150	4
3	1	2010-08-02.12:21:45	13	151	4
3	1	2010-08-02.12:21:50	12	149	4
3	1	2010-08-02.12:21:54	12	149	4
3	1	2010-08-02.12:21:59	11	149	4
23	3	2010-08-02.12:22:03	10	157	4
3	1	2010-08-02.12:22:08	10	151	4
12	2	2010-08-02.12:22:13	9	153	3
6	1	2010-08-02.12:22:17	8	151	3
6	1	2010-08-02.12:22:22	7	150	3
6	1	2010-08-02.12:22:26	7	150	3
6	1	2010-08-02.14:20:04	85	155	1
5	2	2010-08-02.14:20:07	85	151	1
10	2	2010-08-02.14:20:12	78	152	1
2	1	2010-08-02.14:20:16	80	152	1
2	1	2010-08-02.14:20:20	73	150	1
2	1	2010-08-02.14:20:24	67	150	1
2	1	2010-08-02.14:20:28	67	150	1
2	1	2010-08-02.14:20:32	62	150	1
2	1	2010-08-02.14:20:36	57	150	1
2	1	2010-08-02.14:20:40	52	150	1
2	1	2010-08-02.14:20:44	48	150	1
2	1	2010-08-02.14:20:48	48	149	1
2	1	2010-08-02.14:20:52	44	148	1
4	1	2010-08-02.14:20:56	41	149	2
7	2	2010-08-02.14:21:01	45	164	3
31	3	2010-08-02.14:21:05	50	156	3
8	3	2010-08-02.14:21:10	46	150	3
5	1	2010-08-02.14:21:14	42	150	3
12	2	2010-08-02.14:21:19	39	152	4
2	1	2010-08-02.14:21:24	36	150	4
33	13	2010-08-02.14:21:28	36	151	4
42	18	2010-08-02.14:21:33	41	150	4
3	1	2010-08-02.14:21:37	37	150	4
2	1	2010-08-02.14:21:42	34	150	4
6	2	2010-08-02.14:21:46	32	148	3
2	1	2010-08-02.14:21:51	29	148	3
2	1	2010-08-02.14:21:56	27	148	3
2	1	2010-08-02.14:22:00	25	148	3
30	4	2010-08-02.14:22:05	23	156	3
10	2	2010-08-02.14:22:09	21	152	1
2	1	2010-08-02.14:22:13	21	152	1
2	1	2010-08-02.14:22:17	19	150	1
2	1	2010-08-02.14:22:21	17	151	1
2	1	2010-08-02.14:22:25	16	151	1
2	1	2010-08-02.14:22:29	15	151	1
2	1	2010-08-02.14:22:33	15	150	1
2	1	2010-08-02.14:22:37	14	150	1
2	1	2010-08-02.14:22:41	12	150	1
2	1	2010-08-02.14:22:45	11	150	1
2	1	2010-08-02.14:22:49	10	148	1
2	1	2010-08-02.14:22:54	10	148	1
2	1	2010-08-02.14:22:58	10	148	1
20	3	2010-08-02.14:23:02	9	158	1
2	1	2010-08-02.14:23:06	8	154	1
2	1	2010-08-02.14:23:10	7	150	1
2	1	2010-08-02.14:23:14	7	150	1
2	1	2010-08-02.14:23:18	7	150	1
2	1	2010-08-02.14:23:22	6	150	1
2	1	2010-08-02.14:23:26	6	150	1
2	1	2010-08-02.14:23:30	5	150	1
2	1	2010-08-02.14:23:34	5	150	1
2	1	2010-08-02.14:23:38	5	150	1
2	1	2010-08-02.14:23:42	12	150	1
2	1	2010-08-02.14:23:46	11	148	1
2	1	2010-08-02.14:23:50	10	148	1
2	1	2010-08-02.14:23:54	10	148	1
2	1	2010-08-02.14:23:58	9	148	1
25	4	2010-08-02.14:24:02	9	156	1
48	18	2010-08-02.14:24:07	8	157	1
27	13	2010-08-02.14:24:11	15	150	1
2	1	2010-08-02.14:24:15	14	150	1
2	1	2010-08-02.14:24:19	13	150	1
16	3	2010-08-02.14:24:23	13	150	1
2	1	2010-08-02.14:24:27	12	150	1
2	1	2010-08-02.14:24:31	19	150	1
2	1	2010-08-02.14:24:35	17	150	1
2	1	2010-08-02.14:24:39	16	150	1
2	1	2010-08-02.14:24:43	16	150	1
2	1	2010-08-02.14:24:47	15	148	1
2	1	2010-08-02.14:24:51	13	148	1
2	1	2010-08-02.14:24:55	12	148	1
2	1	2010-08-02.14:24:59	11	148	1
24	3	2010-08-02.14:25:03	18	156	1
2	1	2010-08-02.14:25:07	18	150	1
2	1	2010-08-02.14:25:11	25	150	1
2	1	2010-08-02.14:25:15	31	150	1
2	1	2010-08-02.14:25:20	28	150	1
2	1	2010-08-02.14:25:24	26	150	1
2	1	2010-08-02.14:25:28	26	150	1
2	1	2010-08-02.14:25:32	24	150	1
2	1	2010-08-02.14:25:36	22	150	1
2	1	2010-08-02.14:25:40	20	150	1
2	1	2010-08-02.14:25:44	19	150	1
2	1	2010-08-02.14:25:48	19	148	1
2	1	2010-08-02.14:25:52	17	148	1
2	1	2010-08-02.14:25:56	16	148	1
2	1	2010-08-02.14:26:00	14	148	1
23	3	2010-08-02.14:26:04	13	154	1
2	1	2010-08-02.14:26:08	13	150	1
2	1	2010-08-02.14:26:12	12	150	1
2	1	2010-08-02.14:26:16	11	150	1
2	1	2010-08-02.14:26:20	10	150	1
2	1	2010-08-02.14:26:24	9	150	1
2	1	2010-08-02.14:26:28	9	150	1
2	1	2010-08-02.14:26:33	9	150	1
2	1	2010-08-02.14:26:37	8	150	1
2	1	2010-08-02.14:26:41	7	150	1
2	1	2010-08-02.14:26:45	7	150	1
2	1	2010-08-02.14:26:49	6	148	1
1	1	2010-08-02.14:26:53	6	148	1
2	1	2010-08-02.14:26:57	6	148	1
2	1	2010-08-02.14:27:01	5	148	1
24	4	2010-08-02.14:27:05	5	156	1
2	1	2010-08-02.14:27:09	4	150	1
2	1	2010-08-02.14:27:13	4	150	1
2	1	2010-08-02.14:27:17	4	150	1
2	1	2010-08-02.14:27:21	4	150	1
2	1	2010-08-02.14:27:25	3	150	1
2	1	2010-08-02.14:27:29	3	150	1
2	1	2010-08-02.14:27:33	3	150	1
2	1	2010-08-02.14:27:37	3	150	1
2	1	2010-08-02.14:27:41	2	150	1
2	1	2010-08-02.14:27:46	2	150	1
2	1	2010-08-02.14:27:50	2	148	1
2	1	2010-08-02.14:27:54	10	148	1
2	1	2010-08-02.14:27:58	10	148	1
21	3	2010-08-02.14:28:02	9	162	1
5	1	2010-08-02.14:28:06	8	156	1
2	1	2010-08-02.14:28:10	8	150	1
2	1	2010-08-02.14:28:14	7	150	1
2	1	2010-08-02.14:28:18	7	150	1
2	1	2010-08-02.14:28:22	22	150	1
2	1	2010-08-02.14:28:26	21	150	1
2	1	2010-08-02.14:28:30	19	150	1
2	1	2010-08-02.14:28:34	17	150	1
2	1	2010-08-02.14:28:38	16	150	1
2	1	2010-08-02.14:28:42	16	150	1
2	1	2010-08-02.14:28:46	15	148	1
2	1	2010-08-02.14:28:51	13	148	1
2	1	2010-08-02.14:28:55	12	148	1
2	1	2010-08-02.14:28:59	11	148	1
20	3	2010-08-02.14:29:03	11	154	1
2	1	2010-08-02.14:29:07	10	154	1
2	1	2010-08-02.14:29:11	10	150	1
2	1	2010-08-02.14:29:15	9	150	1
2	1	2010-08-02.14:29:19	8	150	1
1	1	2010-08-02.14:29:23	8	150	1
2	1	2010-08-02.14:29:27	7	150	1
2	1	2010-08-02.14:29:31	7	150	1
10	2	2010-08-02.14:29:35	6	151	1
34	3	2010-08-02.14:29:39	14	151	1
22	2	2010-08-02.14:29:43	14	150	1
11	2	2010-08-02.14:29:47	12	149	2
15	2	2010-08-02.14:29:52	19	149	3
7	1	2010-08-02.14:29:57	18	148	3
6	2	2010-08-02.14:30:01	16	163	3
21	3	2010-08-02.14:30:06	15	159	3
3	1	2010-08-02.14:30:10	14	150	4
6	1	2010-08-02.14:30:15	21	151	4
3	1	2010-08-02.14:30:19	19	151	4
3	1	2010-08-02.14:30:24	18	151	4
3	1	2010-08-02.14:30:28	16	151	4
3	1	2010-08-02.14:30:33	16	151	4
7	4	2010-08-02.14:30:38	15	150	3
3	1	2010-08-02.14:30:42	14	150	3
2	1	2010-08-02.14:30:47	12	148	3
7	1	2010-08-02.14:30:51	19	149	4
3	1	2010-08-02.14:30:56	18	149	4
3	1	2010-08-02.14:31:00	16	149	4
23	3	2010-08-02.14:31:05	15	156	3
3	1	2010-08-02.14:31:10	14	150	3
3	1	2010-08-02.14:31:14	13	150	3
2	1	2010-08-02.14:31:19	12	150	3
2	1	2010-08-02.14:31:23	11	150	3
2	1	2010-08-02.14:31:28	11	150	3
3	1	2010-08-02.14:31:32	10	150	3
3	1	2010-08-02.14:31:37	9	150	3
3	1	2010-08-02.14:31:41	8	150	3
3	1	2010-08-02.14:31:46	16	148	3
3	1	2010-08-02.14:31:51	22	148	3
6	1	2010-08-02.14:33:03	72	156	1
8	2	2010-08-02.14:33:07	72	154	1
7	1	2010-08-02.14:33:11	67	152	1
11	2	2010-08-02.14:33:15	61	153	2
21	2	2010-08-02.14:33:20	56	151	3
3	1	2010-08-02.14:33:24	52	150	3
2	1	2010-08-02.14:33:29	48	150	3
5	1	2010-08-02.14:33:33	44	150	3
6	1	2010-08-02.14:33:38	44	150	3
5	1	2010-08-02.14:33:43	40	150	3
7	2	2010-08-02.14:33:47	37	148	3
6	1	2010-08-02.14:33:52	34	148	4
12	2	2010-08-02.14:33:56	31	149	4
2	1	2010-08-02.14:34:01	29	148	4
22	3	2010-08-02.14:34:05	26	156	4
3	1	2010-08-02.14:34:10	24	150	4
2	1	2010-08-02.14:34:15	38	150	4
3	1	2010-08-02.14:34:19	35	150	4
2	1	2010-08-02.14:34:24	32	150	4
2	1	2010-08-02.14:34:28	30	150	4
4	2	2010-08-02.14:34:33	30	150	4
3	1	2010-08-02.14:34:37	27	150	4
2	1	2010-08-02.14:34:42	25	150	4
3	1	2010-08-02.14:34:46	23	148	4
3	1	2010-08-02.14:34:51	29	148	4
2	1	2010-08-02.14:34:56	27	148	4
3	1	2010-08-02.14:35:00	25	148	4
22	3	2010-08-02.14:35:05	23	154	4
2	1	2010-08-02.14:35:09	21	150	4
2	1	2010-08-02.14:35:14	19	150	4
2	1	2010-08-02.14:35:18	18	150	4
3	1	2010-08-02.14:35:23	18	150	4
3	1	2010-08-02.14:35:28	16	150	4
2	1	2010-08-02.14:35:32	15	150	4
3	1	2010-08-02.14:35:37	14	150	4
2	1	2010-08-02.14:35:41	12	150	4
2	1	2010-08-02.14:35:46	11	148	4
3	1	2010-08-02.14:35:50	11	148	4
2	1	2010-08-02.14:35:55	10	148	4
2	1	2010-08-02.14:36:00	9	148	4
22	3	2010-08-02.14:36:04	8	156	4
3	1	2010-08-02.14:36:09	7	150	4
3	1	2010-08-02.14:36:13	7	150	4
2	1	2010-08-02.14:36:18	7	150	4
3	1	2010-08-02.14:36:22	6	150	4
3	1	2010-08-02.14:36:27	6	150	4
3	1	2010-08-02.14:36:31	5	150	4
3	1	2010-08-02.14:36:36	5	150	4
3	1	2010-08-02.14:36:41	4	150	4
3	1	2010-08-02.14:36:45	4	150	3
2	1	2010-08-02.14:36:50	4	148	5
2	1	2010-08-02.14:36:54	3	148	5
6	1	2010-08-02.14:36:59	3	148	5
27	4	2010-08-02.14:37:03	3	156	5
8	2	2010-08-02.14:37:08	3	150	5
6	1	2010-08-02.14:37:13	3	150	5
6	1	2010-08-02.14:37:17	2	150	5
7	1	2010-08-02.14:37:22	2	150	5
6	1	2010-08-02.14:37:26	2	150	5
7	1	2010-08-02.14:37:31	2	150	5
6	1	2010-08-02.14:37:35	2	150	5
7	1	2010-08-02.14:37:40	9	150	5
6	1	2010-08-02.14:37:45	9	150	3
6	1	2010-08-02.14:37:49	8	148	3
6	1	2010-08-02.14:37:54	7	148	3
6	1	2010-08-02.14:37:58	7	148	3
23	3	2010-08-02.14:38:03	7	154	3
6	1	2010-08-02.14:38:07	6	154	3
6	1	2010-08-02.14:38:12	6	150	3
5	1	2010-08-02.14:38:17	5	150	3
7	1	2010-08-02.14:38:21	5	150	3
6	1	2010-08-02.14:38:26	4	150	3
7	1	2010-08-02.14:38:30	4	150	3
5	1	2010-08-02.14:38:35	4	150	3
6	1	2010-08-02.14:38:39	19	150	3
2	1	2010-08-02.14:38:44	26	150	3
7	1	2010-08-02.14:38:49	56	148	3
6	1	2010-08-02.14:38:53	56	148	3
7	1	2010-08-02.14:38:58	75	148	3
26	3	2010-08-02.14:39:02	85	160	3
7	2	2010-08-02.14:39:07	94	154	3
7	1	2010-08-02.14:39:11	87	150	3
6	1	2010-08-02.14:39:16	80	150	3
7	1	2010-08-02.14:39:21	73	150	3
6	1	2010-08-02.14:39:25	67	150	3
6	1	2010-08-02.14:39:30	62	150	3
6	1	2010-08-02.14:39:34	65	149	3
6	1	2010-08-02.14:39:39	60	149	3
6	1	2010-08-02.14:40:03	86	156	1
8	2	2010-08-02.14:40:07	86	152	1
6	1	2010-08-02.14:40:11	79	150	1
6	1	2010-08-02.14:40:15	72	150	1
7	1	2010-08-02.14:40:19	66	150	1
6	1	2010-08-02.14:40:23	61	150	1
6	1	2010-08-02.14:40:27	61	150	1
12	2	2010-08-02.14:40:32	56	151	3
7	1	2010-08-02.14:40:36	52	151	3
6	1	2010-08-02.14:40:41	47	150	3
6	1	2010-08-02.14:40:46	44	148	3
6	1	2010-08-02.14:40:50	40	149	1
10	2	2010-08-02.14:40:54	37	149	3
5	1	2010-08-02.14:40:59	34	149	3
34	5	2010-08-02.14:41:03	31	155	4
3	1	2010-08-02.14:41:08	31	151	4
2	1	2010-08-02.14:41:12	29	150	4
3	1	2010-08-02.14:41:17	26	150	4
3	1	2010-08-02.14:41:22	24	150	4
2	1	2010-08-02.14:41:26	22	150	4
2	1	2010-08-02.14:41:31	20	150	4
3	1	2010-08-02.14:41:35	19	150	4
3	1	2010-08-02.14:41:40	17	150	4
3	1	2010-08-02.14:41:44	16	150	4
3	1	2010-08-02.14:41:49	15	148	3
2	1	2010-08-02.14:41:53	13	148	3
4	1	2010-08-02.14:41:58	13	148	3
28	4	2010-08-02.14:42:03	12	156	3
6	1	2010-08-02.14:42:07	11	150	3
7	1	2010-08-02.14:42:12	10	151	3
6	1	2010-08-02.14:42:16	10	151	3
6	1	2010-08-02.14:42:21	9	151	3
7	1	2010-08-02.14:42:25	8	150	3
6	1	2010-08-02.14:42:30	7	150	3
8	2	2010-08-02.14:42:35	7	150	3
5	1	2010-08-02.14:42:39	6	150	3
6	1	2010-08-02.14:42:44	6	150	3
11	2	2010-08-02.14:42:48	5	149	4
7	1	2010-08-02.14:42:53	5	149	4
6	1	2010-08-02.14:42:57	5	149	4
17	3	2010-08-02.14:43:02	4	162	4
18	3	2010-08-02.14:43:07	4	157	4
7	1	2010-08-02.14:43:11	4	151	4
7	1	2010-08-02.14:43:16	3	150	3
14	2	2010-08-02.14:43:20	3	152	1
2	1	2010-08-02.14:43:24	3	152	1
2	1	2010-08-02.14:43:28	2	150	1
4	1	2010-08-02.14:43:32	2	150	1
4	1	2010-08-02.14:43:36	2	150	1
2	1	2010-08-02.14:43:40	2	150	1
2	1	2010-08-02.14:43:45	10	150	1
18	2	2010-08-02.14:43:49	17	149	3
12	1	2010-08-02.14:43:53	16	149	3
13	2	2010-08-02.14:43:58	16	149	4
22	3	2010-08-02.14:44:02	14	155	4
4	1	2010-08-02.14:44:07	13	152	3
6	1	2010-08-02.14:44:12	12	150	3
13	2	2010-08-02.14:44:16	11	151	4
3	1	2010-08-02.14:44:21	10	151	4
3	1	2010-08-02.14:44:25	9	150	3
5	1	2010-08-02.14:44:30	9	150	3
7	1	2010-08-02.14:44:34	8	150	3
6	1	2010-08-02.14:44:39	7	150	3
11	2	2010-08-02.14:44:44	15	152	6
4	1	2010-08-02.14:44:48	13	149	4
3	1	2010-08-02.14:44:53	13	148	4
2	1	2010-08-02.14:44:57	12	148	4
22	3	2010-08-02.14:45:02	11	157	4
3	1	2010-08-02.14:45:07	10	152	4
3	1	2010-08-02.14:45:11	10	150	4
3	1	2010-08-02.14:45:16	9	150	4
2	1	2010-08-02.14:45:20	8	150	3
10	2	2010-08-02.14:45:25	15	150	3
5	1	2010-08-02.14:45:29	14	150	3
6	1	2010-08-02.14:45:34	13	150	4
11	2	2010-08-02.14:45:39	12	151	4
3	1	2010-08-02.14:45:43	11	150	4
2	1	2010-08-02.14:45:48	11	148	4
3	1	2010-08-02.14:45:52	10	148	4
3	1	2010-08-02.14:45:57	9	149	4
8	2	2010-08-02.14:46:01	8	164	4
19	3	2010-08-02.14:46:06	8	156	4
3	1	2010-08-02.14:46:11	7	150	4
15	2	2010-08-02.14:46:15	6	152	3
5	1	2010-08-02.14:46:20	6	150	3
6	1	2010-08-02.14:46:24	5	150	4
12	2	2010-08-02.14:46:29	5	151	4
2	1	2010-08-02.14:46:34	13	150	4
3	1	2010-08-02.14:46:38	12	150	3
9	2	2010-08-02.14:46:43	12	150	3
7	1	2010-08-02.14:46:47	19	148	3
5	1	2010-08-02.14:46:52	17	148	3
12	2	2010-08-02.14:46:56	16	151	1
2	1	2010-08-02.14:47:00	14	151	1
22	3	2010-08-02.14:47:04	13	155	1
2	1	2010-08-02.14:47:08	12	151	1
2	1	2010-08-02.14:47:12	12	151	1
2	1	2010-08-02.14:47:17	11	151	1
2	1	2010-08-02.14:47:21	10	151	1
2	1	2010-08-02.14:47:25	9	151	1
2	1	2010-08-02.14:47:29	9	151	1
2	1	2010-08-02.14:47:33	9	151	1
2	1	2010-08-02.14:47:37	16	151	1
2	1	2010-08-02.14:47:41	15	151	1
2	1	2010-08-02.14:47:45	13	151	1
2	1	2010-08-02.14:47:49	12	149	1
2	1	2010-08-02.14:47:53	12	149	1
2	1	2010-08-02.14:47:57	11	149	1
5	2	2010-08-02.14:48:01	10	162	1
21	3	2010-08-02.14:48:05	10	157	1
2	1	2010-08-02.14:48:09	9	151	1
2	1	2010-08-02.14:48:13	8	151	1
4	1	2010-08-02.14:48:17	8	151	1
4	1	2010-08-02.14:48:21	7	151	1
4	1	2010-08-02.14:48:25	7	151	1
9	2	2010-08-02.14:48:29	6	151	1
2	1	2010-08-02.14:48:34	6	151	1
2	1	2010-08-02.14:48:38	6	151	1
2	1	2010-08-02.14:48:42	5	151	1
3	1	2010-08-02.14:48:46	5	149	1
2	1	2010-08-02.14:48:50	4	149	1
2	1	2010-08-02.14:48:54	4	149	1
2	1	2010-08-02.14:48:58	4	149	1
34	4	2010-08-02.14:49:02	20	158	2
27	3	2010-08-02.14:49:07	26	154	3
6	1	2010-08-02.14:49:11	24	152	4
4	1	2010-08-02.14:49:16	22	152	4
7	2	2010-08-02.14:49:20	20	152	4
4	1	2010-08-02.14:49:25	18	153	6
3	1	2010-08-02.14:49:29	41	151	6
3	1	2010-08-02.14:49:34	38	151	6
3	1	2010-08-02.14:49:39	35	151	6
2	1	2010-08-02.14:49:43	32	151	6
3	1	2010-08-02.14:49:48	32	149	6
3	1	2010-08-02.14:49:52	29	149	6
3	1	2010-08-02.14:49:57	27	149	6
10	2	2010-08-02.14:50:01	25	163	6
15	2	2010-08-02.14:50:06	23	155	6
3	1	2010-08-02.14:50:11	21	151	6
4	2	2010-08-02.14:50:15	19	151	6
7	1	2010-08-02.14:50:20	18	152	3
7	1	2010-08-02.14:50:24	16	152	3
6	1	2010-08-02.14:50:29	15	151	3
6	1	2010-08-02.14:50:33	14	151	3
6	1	2010-08-02.14:50:38	14	151	3
6	1	2010-08-02.14:50:43	12	151	3
6	1	2010-08-02.14:50:47	11	149	3
7	1	2010-08-02.14:50:52	11	149	3
5	1	2010-08-02.14:50:56	10	149	3
8	2	2010-08-02.14:51:01	9	149	3
26	4	2010-08-02.14:51:05	16	157	3
8	2	2010-08-02.14:51:10	15	151	3
6	1	2010-08-02.14:51:15	14	151	3
5	1	2010-08-02.14:51:19	12	151	3
7	1	2010-08-02.14:51:24	11	151	3
6	1	2010-08-02.14:51:28	11	151	3
6	1	2010-08-02.14:51:33	11	151	3
6	1	2010-08-02.14:51:37	10	151	3
6	1	2010-08-02.14:51:42	9	151	3
6	1	2010-08-02.14:51:46	8	149	3
7	2	2010-08-02.14:51:51	7	149	3
6	1	2010-08-02.14:51:56	7	149	3
6	1	2010-08-02.14:52:00	6	149	3
28	4	2010-08-02.14:52:05	6	157	3
9	2	2010-08-02.14:52:09	5	151	3
7	1	2010-08-02.14:52:14	5	151	3
6	1	2010-08-02.14:52:18	4	151	3
6	1	2010-08-02.14:52:23	4	151	3
6	1	2010-08-02.14:52:28	4	151	3
5	1	2010-08-02.14:52:32	4	151	3
6	1	2010-08-02.14:52:37	3	152	3
7	2	2010-08-02.14:52:41	3	151	3
6	1	2010-08-02.14:52:46	3	149	3
7	1	2010-08-02.14:52:50	3	149	3
6	1	2010-08-02.14:52:55	2	149	3
6	1	2010-08-02.14:53:00	2	149	3
24	4	2010-08-02.14:53:04	2	155	3
8	2	2010-08-02.14:53:09	2	151	3
5	1	2010-08-02.14:53:13	2	151	3
7	1	2010-08-02.14:53:18	2	151	3
6	1	2010-08-02.14:53:22	1	151	3
6	1	2010-08-02.14:53:27	1	151	3
7	1	2010-08-02.14:53:32	1	151	3
6	1	2010-08-02.14:53:36	1	151	3
6	1	2010-08-02.14:53:41	1	151	3
6	1	2010-08-02.14:53:45	1	149	3
6	1	2010-08-02.14:53:50	1	149	3
6	1	2010-08-02.14:53:54	1	149	3
6	1	2010-08-02.14:53:59	1	149	3
27	4	2010-08-02.14:54:04	0	157	3
7	2	2010-08-02.14:54:08	0	151	3
6	1	2010-08-02.14:54:13	0	151	3
6	1	2010-08-02.14:54:17	0	151	3
6	1	2010-08-02.14:54:22	0	151	3
7	1	2010-08-02.14:54:26	0	151	3
6	1	2010-08-02.14:54:31	0	151	3
6	1	2010-08-02.14:54:36	0	151	3
5	1	2010-08-02.14:54:40	0	151	3
6	1	2010-08-02.14:54:45	0	151	3
5	1	2010-08-02.14:54:49	0	149	3
7	1	2010-08-02.14:54:54	0	149	3
6	1	2010-08-02.14:54:58	8	149	3
25	4	2010-08-02.14:55:03	8	157	3
6	1	2010-08-02.14:55:08	7	151	3
5	1	2010-08-02.14:55:12	7	151	3
7	1	2010-08-02.14:55:17	6	151	3
6	1	2010-08-02.14:55:21	6	151	3
6	1	2010-08-02.14:55:26	5	151	3
5	1	2010-08-02.14:55:30	5	151	3
7	2	2010-08-02.14:55:35	4	151	3
6	1	2010-08-02.14:55:39	4	151	3
6	1	2010-08-02.14:55:44	12	151	3
7	1	2010-08-02.14:55:49	11	149	3
6	1	2010-08-02.14:55:53	10	149	3
7	1	2010-08-02.14:55:58	10	148	3
26	4	2010-08-02.14:56:02	9	154	3
7	1	2010-08-02.14:56:07	8	150	3
6	1	2010-08-02.14:56:11	8	150	3
5	1	2010-08-02.14:56:16	7	150	3
6	1	2010-08-02.14:56:21	6	150	3
6	2	2010-08-02.14:56:25	6	150	3
7	1	2010-08-02.14:56:30	5	150	3
5	1	2010-08-02.14:56:34	5	150	3
7	1	2010-08-02.14:56:39	4	150	3
5	1	2010-08-02.14:56:43	4	150	3
7	1	2010-08-02.14:56:48	4	148	3
6	1	2010-08-02.14:56:53	4	148	3
6	1	2010-08-02.14:56:57	3	148	3
20	3	2010-08-02.14:57:02	11	162	3
12	2	2010-08-02.14:57:06	34	156	3
7	1	2010-08-02.14:57:11	31	150	3
6	1	2010-08-02.14:57:15	37	150	3
6	1	2010-08-02.14:57:20	34	150	3
5	1	2010-08-02.14:57:24	31	150	3
6	1	2010-08-02.14:57:29	29	150	3
6	1	2010-08-02.14:57:34	26	150	3
6	1	2010-08-02.14:57:38	24	150	3
7	1	2010-08-02.14:57:43	24	150	3
5	1	2010-08-02.14:57:47	22	148	3
6	1	2010-08-02.14:57:52	20	148	3
6	1	2010-08-02.14:57:56	19	148	3
7	1	2010-08-02.14:58:01	17	148	3
25	4	2010-08-02.14:58:06	16	156	3
7	1	2010-08-02.14:58:10	15	150	3
6	1	2010-08-02.14:58:15	13	150	3
6	1	2010-08-02.14:58:19	12	150	3
6	1	2010-08-02.14:58:24	11	150	3
6	1	2010-08-02.14:58:28	10	150	3
7	1	2010-08-02.14:58:33	10	150	3
5	1	2010-08-02.14:58:38	10	150	3
6	1	2010-08-02.14:58:42	9	150	3
7	1	2010-08-02.14:58:47	8	148	3
5	1	2010-08-02.14:58:51	7	148	3
7	1	2010-08-02.14:58:56	7	148	3
6	1	2010-08-02.14:59:00	6	148	3
25	4	2010-08-02.14:59:05	6	154	3
6	1	2010-08-02.14:59:09	5	150	3
6	1	2010-08-02.14:59:14	5	150	3
6	1	2010-08-02.14:59:19	4	150	3
6	1	2010-08-02.14:59:23	4	150	3
5	1	2010-08-02.14:59:28	4	150	3
10	2	2010-08-02.14:59:32	4	150	3
7	1	2010-08-02.14:59:37	3	150	3
6	1	2010-08-02.14:59:41	3	150	3
8	2	2010-08-02.14:59:46	3	148	3
6	1	2010-08-02.14:59:51	2	148	3
6	1	2010-08-02.14:59:55	2	148	3
6	1	2010-08-02.15:00:00	2	148	3
26	4	2010-08-02.15:00:04	2	156	3
7	2	2010-08-02.15:00:09	2	150	3
6	1	2010-08-02.15:00:13	2	150	3
11	1	2010-08-02.15:00:18	2	150	3
6	1	2010-08-02.15:00:23	9	150	3
6	1	2010-08-02.15:00:27	9	150	3
6	1	2010-08-02.15:00:32	8	150	3
